3 0.301855 0.70812 0.114453 0.0994879
3 0.625488 0.518215 0.162109 0.138113
3 0.4 0.599561 0.133984 0.201317
3 0.399121 0.330358 0.0882813 0.227652
3 0.272559 0.499634 0.139844 0.204828
3 0.231543 0.537674 0.0597656 0.0614484
3 0.319434 0.39883 0.0460938 0.0924653
3 0.669141 0.703146 0.0824219 0.139283
3 0.612695 0.705194 0.0808594 0.134601
3 0.497363 0.586394 0.0816406 0.125238
3 0.543555 0.543965 0.0753906 0.213021
3 0.513184 0.388588 0.0585938 0.112948
3 0.558984 0.392392 0.0710937 0.114704
3 0.578711 0.690856 0.106641 0.190783
3 0.497754 0.722458 0.0609375 0.122312
3 0.426074 0.744257 0.0953125 0.100073
3 0.304102 0.574982 0.117969 0.198976
3 0.403711 0.431602 0.0984375 0.15801
3 0.470117 0.500512 0.116016 0.153914
3 0.456836 0.309876 0.0796875 0.148647
3 0.47168 0.2515 0.0546875 0.0772495
3 0.536914 0.3188 0.0992187 0.0801756
3 0.630273 0.383906 0.0554687 0.103584
3 0.591895 0.379956 0.0304687 0.120556
3 0.591797 0.274323 0.103516 0.0848574
