5 0.368077 0.407524 0.0884615 0.175549
5 0.239615 0.312435 0.0592308 0.0731452
5 0.183077 0.441484 0.0969231 0.0658307
5 0.401154 0.321317 0.182308 0.124347
5 0.443077 0.407001 0.0615385 0.0532915
5 0.394615 0.462905 0.106154 0.0982236
5 0.161923 0.363636 0.108462 0.091954
5 0.288846 0.46604 0.108462 0.091954
5 0.271154 0.400731 0.0561538 0.0595611
5 0.307308 0.407524 0.0407692 0.0626959
5 0.226538 0.397074 0.0546154 0.0835946
5 0.284615 0.298328 0.0276923 0.0637409
5 0.315385 0.371473 0.0646154 0.092999
5 0.263462 0.354232 0.0407692 0.0438871
5 0.300385 0.319749 0.0361538 0.0626959
5 0.464615 0.30721 0.0430769 0.0668757
