4 0.274623 0.629856 0.19467 0.0870504
4 0.486674 0.405396 0.141367 0.0582734
4 0.427578 0.242806 0.0973349 0.042446
4 0.79606 0.605396 0.199305 0.0539568
6 0.493627 0.634173 0.25029 0.0438849
0 0.465817 0.559353 0.391657 0.123022
0 0.753187 0.539209 0.326767 0.105755
0 0.530707 0.375899 0.349942 0.0726619
0 0.295481 0.316906 0.310545 0.0611511
0 0.330243 0.258273 0.0857474 0.018705
0 0.501738 0.279856 0.118192 0.0388489
0 0.720742 0.447482 0.0787949 0.0230216
4 0.717265 0.279137 0.0950174 0.0258993
