1 0.950247 0.191005 0.099506 0.324868
1 0.768878 0.45873 0.219478 0.212698
1 0.910374 0.333862 0.132675 0.106878
1 0.302047 0.675132 0.062103 0.0444444
1 0.679958 0.283069 0.37897 0.25291
1 0.808751 0.793651 0.151023 0.184127
1 0.865914 0.666138 0.100212 0.0751323
1 0.972477 0.21746 0.0550459 0.274074
1 0.176076 0.435979 0.195483 0.332275
1 0.831334 0.12963 0.189132 0.119577
1 0.88391 0.520635 0.0402258 0.0634921
1 0.908257 0.410582 0.176429 0.222222
1 0.952011 0.0883598 0.0959774 0.104762
1 0.36909 0.368783 0.194778 0.468783
1 0.275229 0.359788 0.143966 0.285714
1 0.164432 0.552381 0.166549 0.150265
1 0.617149 0.74127 0.394495 0.51746
1 0.98765 0.448148 0.0204658 0.0539683
1 0.349682 0.407407 0.232181 0.543915
1 0.940367 0.0185185 0.112209 0.037037
1 0.937897 0.551323 0.119972 0.141799
1 0.528934 0.522751 0.150318 0.141799
1 0.428017 0.42963 0.185603 0.522751
1 0.777699 0.214286 0.0437544 0.0962963
1 0.883557 0.193122 0.200423 0.244444
1 0.916373 0.671429 0.167255 0.195767
1 0.983063 0.411111 0.0338744 0.0349206
1 0.967184 0.0486772 0.0613973 0.0486772
1 0.17043 0.396825 0.181369 0.253968
1 0.320395 0.712698 0.306281 0.286772
1 0.539167 0.19418 0.134086 0.153439
1 0.849682 0.635979 0.11856 0.245503
1 0.964008 0.606878 0.0719831 0.0645503
1 0.641496 0.615873 0.0875088 0.133333
1 0.5741 0.435979 0.335215 0.230688
