1 0.049753 0.191005 0.099506 0.324868
1 0.231122 0.45873 0.219478 0.212698
1 0.089626 0.333862 0.132675 0.106878
1 0.697953 0.675132 0.062103 0.0444444
1 0.320042 0.283069 0.37897 0.25291
1 0.191249 0.793651 0.151023 0.184127
1 0.134086 0.666138 0.100212 0.0751323
1 0.0275229 0.21746 0.0550459 0.274074
1 0.823924 0.435979 0.195483 0.332275
1 0.168666 0.12963 0.189132 0.119577
1 0.11609 0.520635 0.0402258 0.0634921
1 0.0917431 0.410582 0.176429 0.222222
1 0.0479887 0.0883598 0.0959774 0.104762
1 0.63091 0.368783 0.194778 0.468783
1 0.724771 0.359788 0.143966 0.285714
1 0.835568 0.552381 0.166549 0.150265
1 0.382851 0.74127 0.394495 0.51746
1 0.01235 0.448148 0.0204658 0.0539683
1 0.650318 0.407407 0.232181 0.543915
1 0.059633 0.0185185 0.112209 0.037037
1 0.062103 0.551323 0.119972 0.141799
1 0.471066 0.522751 0.150318 0.141799
1 0.571983 0.42963 0.185603 0.522751
1 0.222301 0.214286 0.0437544 0.0962963
1 0.116443 0.193122 0.200423 0.244444
1 0.0836274 0.671429 0.167255 0.195767
1 0.0169372 0.411111 0.0338744 0.0349206
1 0.0328158 0.0486772 0.0613973 0.0486772
1 0.82957 0.396825 0.181369 0.253968
1 0.679605 0.712698 0.306281 0.286772
1 0.460833 0.19418 0.134086 0.153439
1 0.150318 0.635979 0.11856 0.245503
1 0.0359915 0.606878 0.0719831 0.0645503
1 0.358504 0.615873 0.0875088 0.133333
1 0.4259 0.435979 0.335215 0.230688
