5 0.0796154 0.39185 0.0961538 0.123302
5 0.0923077 0.786834 0.184615 0.252874
5 0.0461538 0.666667 0.0923077 0.0835946
5 0.467308 0.65883 0.13 0.184953
5 0.250385 0.606061 0.299231 0.163009
5 0.755 0.632706 0.176154 0.172414
5 0.836538 0.519331 0.160769 0.121212
5 0.843077 0.421108 0.123077 0.123302
5 0.502308 0.437304 0.172308 0.193312
5 0.565769 0.521421 0.145385 0.217346
5 0.362692 0.414838 0.160769 0.177638
5 0.701923 0.408046 0.203846 0.243469
5 0.441538 0.285789 0.213846 0.0971787
5 0.600385 0.289446 0.0930769 0.177638
5 0.718077 0.245559 0.182308 0.102403
5 0.636154 0.141066 0.146154 0.15047
5 0.708846 0.526123 0.09 0.07628
5 0.208077 0.357889 0.122308 0.182863
5 0.143846 0.553814 0.127692 0.204807
5 0.450385 0.167712 0.114615 0.180773
5 0.369615 0.214211 0.0623077 0.106583
5 0.412308 0.555904 0.0569231 0.0877743
5 0.454231 0.563741 0.0776923 0.0909091
5 0.478462 0.551202 0.04 0.0512017
5 0.223462 0.584117 0.0915385 0.202717
5 0.184231 0.451411 0.102308 0.0710554
5 0.241154 0.364681 0.182308 0.30303
5 0.51 0.293103 0.156923 0.189133
5 0.342692 0.321839 0.0715385 0.125392
5 0.499231 0.207419 0.153846 0.149425
