5 0.88625 0.260705 0.10625 0.143577
5 0.7975 0.324097 0.05375 0.100756
5 0.494688 0.290092 0.115625 0.214106
5 0.650312 0.253149 0.148125 0.309824
5 0.770312 0.497061 0.263125 0.11419
5 0.267188 0.360202 0.174375 0.251889
5 0.302187 0.450882 0.136875 0.154492
5 0.285938 0.573048 0.083125 0.099916
5 0.870938 0.759866 0.114375 0.156171
5 0.58125 0.830814 0.065 0.111671
5 0.62125 0.743493 0.1025 0.138539
5 0.31375 0.802267 0.07375 0.101595
5 0.718125 0.756507 0.12 0.164568
5 0.487187 0.452981 0.073125 0.108312
5 0.44625 0.494123 0.1025 0.120067
5 0.4525 0.439966 0.21875 0.288833
5 0.1175 0.602015 0.08625 0.102435
5 0.180312 0.180521 0.095625 0.149454
5 0.1275 0.123426 0.09125 0.115869
5 0.1175 0.748111 0.05125 0.179681
5 0.0815625 0.463476 0.024375 0.176322
5 0.106563 0.471872 0.034375 0.144416
5 0.130938 0.484047 0.054375 0.104954
5 0.188125 0.38623 0.12 0.235097
5 0.123438 0.178841 0.085625 0.0990764
5 0.252188 0.11377 0.045625 0.0596138
5 0.353125 0.121327 0.10125 0.13686
5 0.294063 0.166247 0.086875 0.105793
5 0.549687 0.115869 0.125625 0.100756
5 0.849375 0.155332 0.1175 0.109152
5 0.892188 0.410999 0.056875 0.15869
5 0.344375 0.612091 0.06125 0.209908
5 0.203437 0.615029 0.058125 0.185558
5 0.445312 0.844249 0.195625 0.0428212
5 0.540312 0.744752 0.059375 0.0520571
5 0.544063 0.647355 0.039375 0.117548
5 0.575625 0.492024 0.105 0.15953
5 0.42 0.224601 0.08625 0.099916
5 0.15625 0.631402 0.05 0.0973971
5 0.799375 0.603275 0.09875 0.11335
5 0.675312 0.622586 0.069375 0.162049
5 0.790937 0.232578 0.123125 0.11419
5 0.580937 0.377834 0.099375 0.102435
5 0.47 0.137699 0.14 0.0923594
5 0.2375 0.781276 0.08 0.13686
5 0.1825 0.74979 0.1 0.070529
5 0.174063 0.802267 0.053125 0.0680101
5 0.399062 0.77288 0.105625 0.11335
5 0.390937 0.701931 0.053125 0.152813
5 0.52875 0.801847 0.06375 0.0940386
5 0.250625 0.632662 0.0525 0.101595
5 0.616875 0.0759866 0.12375 0.0629723
5 0.655625 0.0952981 0.0675 0.138539
5 0.242812 0.099916 0.153125 0.100756
5 0.103438 0.326616 0.119375 0.191436
