0 0.421875 0.373489 0.1575 0.147668
0 0.374063 0.250864 0.056875 0.114853
0 0.281562 0.51943 0.044375 0.0388601
0 0.30875 0.397668 0.08125 0.258204
1 0.63 0.488774 0.03875 0.0690846
1 0.542188 0.595855 0.079375 0.0431779
1 0.552188 0.392055 0.118125 0.0967185
1 0.461562 0.514249 0.369375 0.246114
1 0.554375 0.573834 0.0425 0.0319516
1 0.340625 0.498273 0.085 0.143351
1 0.657813 0.592832 0.176875 0.0889465
1 0.450313 0.513817 0.068125 0.0621762
1 0.416875 0.477979 0.0475 0.0716753
1 0.406875 0.520294 0.01 0.0112263
1 0.445 0.494819 0.04 0.0431779
1 0.61 0.43696 0.0675 0.119171
0 0.270937 0.542746 0.046875 0.0336788
0 0.265 0.566494 0.0375 0.0276339
1 0.478438 0.51468 0.011875 0.015544
1 0.505 0.462435 0.05375 0.0647668
