1 0.165 0.491875 0.115 0.08375
1 0.304167 0.2675 0.231667 0.1375
1 0.49125 0.188125 0.104167 0.11625
1 0.272083 0.936875 0.2875 0.12625
1 0.598333 0.59375 0.415 0.2675
1 0.705417 0.04625 0.139167 0.0725
1 0.744583 0.25125 0.319167 0.2175
1 0.719167 0.124375 0.196667 0.09875
1 0.129167 0.270625 0.153333 0.13125
1 0.9475 0.3775 0.095 0.2325
1 0.5775 0.92125 0.215 0.1575
1 0.217917 0.46 0.310833 0.175
1 0.575833 0.191875 0.0933333 0.11625
1 0.556667 0.068125 0.106667 0.13625
1 0.879583 0.113125 0.240833 0.22625
1 0.798333 0.82875 0.283333 0.3425
1 0.557083 0.780625 0.2825 0.30125
1 0.965833 0.07375 0.0683333 0.1475
1 0.837917 0.15625 0.1525 0.18
1 0.980833 0.81375 0.0383333 0.165
1 0.16875 0.85875 0.0941667 0.1425
1 0.419583 0.43125 0.1475 0.215
1 0.0641667 0.63875 0.128333 0.505
1 0.670833 0.945 0.351667 0.11
1 0.185833 0.29 0.216667 0.175
1 0.0958333 0.933125 0.0566667 0.13375
1 0.55875 0.401875 0.160833 0.19875
1 0.1025 0.03 0.0666667 0.06
1 0.461667 0.285 0.105 0.145
1 0.952083 0.32375 0.0958333 0.215
1 0.816667 0.215625 0.06 0.07125
1 0.716667 0.37375 0.386667 0.2675
1 0.87 0.7025 0.175 0.345
1 0.180417 0.605625 0.109167 0.13875
1 0.370417 0.62125 0.200833 0.165
1 0.678333 0.675625 0.388333 0.20125
1 0.9575 0.738125 0.085 0.21875
1 0.967083 0.564375 0.0658333 0.03625
1 0.945833 0.505625 0.108333 0.12375
1 0.3675 0.84625 0.258333 0.305
1 0.3025 0.146875 0.0783333 0.09875
1 0.368333 0.846875 0.258333 0.30375
1 0.152083 0.930625 0.0591667 0.11125
1 0.689167 0.39875 0.126667 0.14
1 0.428333 0.500625 0.0766667 0.09625
1 0.480417 0.400625 0.0975 0.08625
1 0.460833 0.458125 0.0816667 0.07625
1 0.31 0.350625 0.176667 0.08125
