1 0.835 0.491875 0.115 0.08375
1 0.695833 0.2675 0.231667 0.1375
1 0.50875 0.188125 0.104167 0.11625
1 0.727917 0.936875 0.2875 0.12625
1 0.401667 0.59375 0.415 0.2675
1 0.294583 0.04625 0.139167 0.0725
1 0.255417 0.25125 0.319167 0.2175
1 0.280833 0.124375 0.196667 0.09875
1 0.870833 0.270625 0.153333 0.13125
1 0.0525 0.3775 0.095 0.2325
1 0.4225 0.92125 0.215 0.1575
1 0.782083 0.46 0.310833 0.175
1 0.424167 0.191875 0.0933333 0.11625
1 0.443333 0.068125 0.106667 0.13625
1 0.120417 0.113125 0.240833 0.22625
1 0.201667 0.82875 0.283333 0.3425
1 0.442917 0.780625 0.2825 0.30125
1 0.0341667 0.07375 0.0683333 0.1475
1 0.162083 0.15625 0.1525 0.18
1 0.0191667 0.81375 0.0383333 0.165
1 0.83125 0.85875 0.0941667 0.1425
1 0.580417 0.43125 0.1475 0.215
1 0.935833 0.63875 0.128333 0.505
1 0.329167 0.945 0.351667 0.11
1 0.814167 0.29 0.216667 0.175
1 0.904167 0.933125 0.0566667 0.13375
1 0.44125 0.401875 0.160833 0.19875
1 0.8975 0.03 0.0666667 0.06
1 0.538333 0.285 0.105 0.145
1 0.0479167 0.32375 0.0958333 0.215
1 0.183333 0.215625 0.06 0.07125
1 0.283333 0.37375 0.386667 0.2675
1 0.13 0.7025 0.175 0.345
1 0.819583 0.605625 0.109167 0.13875
1 0.629583 0.62125 0.200833 0.165
1 0.321667 0.675625 0.388333 0.20125
1 0.0425 0.738125 0.085 0.21875
1 0.0329167 0.564375 0.0658333 0.03625
1 0.0541667 0.505625 0.108333 0.12375
1 0.6325 0.84625 0.258333 0.305
1 0.6975 0.146875 0.0783333 0.09875
1 0.631667 0.846875 0.258333 0.30375
1 0.847917 0.930625 0.0591667 0.11125
1 0.310833 0.39875 0.126667 0.14
1 0.571667 0.500625 0.0766667 0.09625
1 0.519583 0.400625 0.0975 0.08625
1 0.539167 0.458125 0.0816667 0.07625
1 0.69 0.350625 0.176667 0.08125
