2 0.437 0.3003 0.387333 0.35035
2 0.658333 0.788789 0.224667 0.416416
2 0.462 0.736737 0.249333 0.234234
2 0.416333 0.5996 0.223333 0.138138
2 0.756333 0.318819 0.244667 0.357357
2 0.756667 0.713714 0.185333 0.514515
2 0.238333 0.836336 0.195333 0.251251
2 0.505 0.247247 0.244667 0.246246
2 0.144333 0.424424 0.160667 0.112112
2 0.0386667 0.766767 0.0773333 0.216216
2 0.552333 0.888889 0.239333 0.222222
2 0.918333 0.683183 0.163333 0.335335
2 0.115667 0.65966 0.138 0.242242
2 0.0213333 0.5996 0.0426667 0.122122
2 0.316 0.656156 0.124 0.125125
2 0.343667 0.868368 0.168667 0.263263
2 0.795667 0.737237 0.126 0.303303
2 0.7 0.568569 0.144 0.0920921
3 0.216333 0.63964 0.104667 0.216216
4 0.426 0.965465 0.088 0.0670671
4 0.576 0.955455 0.105333 0.0870871
4 0.129333 0.831832 0.117333 0.168168
1 0.0366667 0.525025 0.0733333 0.171171
0 0.957333 0.492993 0.084 0.107107
1 0.079 0.937938 0.100667 0.0820821
0 0.0246667 0.924925 0.0493333 0.0760761
5 0.114333 0.532032 0.0753333 0.0790791
