2 0.563 0.3003 0.387333 0.35035
2 0.341667 0.788789 0.224667 0.416416
2 0.538 0.736737 0.249333 0.234234
2 0.583667 0.5996 0.223333 0.138138
2 0.243667 0.318819 0.244667 0.357357
2 0.243333 0.713714 0.185333 0.514515
2 0.761667 0.836336 0.195333 0.251251
2 0.495 0.247247 0.244667 0.246246
2 0.855667 0.424424 0.160667 0.112112
2 0.961333 0.766767 0.0773333 0.216216
2 0.447667 0.888889 0.239333 0.222222
2 0.0816667 0.683183 0.163333 0.335335
2 0.884333 0.65966 0.138 0.242242
2 0.978667 0.5996 0.0426667 0.122122
2 0.684 0.656156 0.124 0.125125
2 0.656333 0.868368 0.168667 0.263263
2 0.204333 0.737237 0.126 0.303303
2 0.3 0.568569 0.144 0.0920921
3 0.783667 0.63964 0.104667 0.216216
4 0.574 0.965465 0.088 0.0670671
4 0.424 0.955455 0.105333 0.0870871
4 0.870667 0.831832 0.117333 0.168168
1 0.963333 0.525025 0.0733333 0.171171
0 0.0426667 0.492993 0.084 0.107107
1 0.921 0.937938 0.100667 0.0820821
0 0.975333 0.924925 0.0493333 0.0760761
5 0.885667 0.532032 0.0753333 0.0790791
