1 0.58875 0.61625 0.33625 0.195833
1 0.3775 0.33125 0.1 0.0708333
1 0.209375 0.445 0.29125 0.286667
1 0.554063 0.5525 0.070625 0.13
1 0.414375 0.693333 0.11125 0.155
1 0.483125 0.18375 0.03875 0.1275
1 0.44 0.474583 0.0875 0.115833
1 0.415938 0.442083 0.066875 0.0808333
1 0.436875 0.3475 0.12125 0.113333
1 0.475625 0.385 0.06375 0.0833333
1 0.523438 0.322917 0.049375 0.114167
1 0.855938 0.66125 0.105625 0.124167
1 0.78 0.614167 0.0575 0.165
1 0.752812 0.729583 0.095625 0.134167
1 0.903125 0.752083 0.06875 0.105833
1 0.86625 0.589583 0.11875 0.120833
1 0.5775 0.487917 0.09875 0.135833
1 0.526563 0.411667 0.083125 0.0916667
1 0.75125 0.417083 0.1275 0.194167
1 0.642813 0.362083 0.151875 0.1675
