0 0.273462 0.520397 0.540769 0.296025
0 0.72 0.606695 0.215385 0.150628
0 0.528846 0.662134 0.23 0.205021
0 0.906923 0.597803 0.181538 0.082636
0 0.410385 0.4341 0.271538 0.0899582
0 0.686154 0.486402 0.235385 0.140167
0 0.839615 0.514644 0.186923 0.0941423
0 0.399231 0.259937 0.396923 0.195607
0 0.334615 0.65272 0.255385 0.115063
0 0.440385 0.726464 0.525385 0.0910042
0 0.382308 0.578975 0.192308 0.114017
0 0.699231 0.575314 0.113846 0.0606695
0 0.732308 0.404289 0.28 0.164226
0 0.366538 0.515167 0.23 0.0993724
0 0.0492308 0.514644 0.0769231 0.0376569
0 0.359231 0.53295 0.195385 0.0784519
0 0.88 0.466004 0.0646154 0.0491632
0 0.892692 0.635983 0.159231 0.0606695
0 0.880385 0.67887 0.233077 0.083682
0 0.917308 0.710251 0.140769 0.0606695
0 0.850385 0.745816 0.126923 0.041841
0 0.957308 0.756799 0.0838462 0.0721757
0 0.71 0.731172 0.187692 0.08159
0 0.552308 0.407427 0.1 0.128661
0 0.209231 0.627092 0.149231 0.141213
0 0.0415385 0.70136 0.0830769 0.0910042
0 0.183077 0.656381 0.0507692 0.0177824
0 0.143077 0.70659 0.132308 0.0763598
