0 0.706869 0.788969 0.138978 0.220624
0 0.416134 0.293765 0.129393 0.342926
0 0.583067 0.798561 0.108626 0.172662
0 0.41853 0.776978 0.15655 0.278177
0 0.440895 0.563549 0.182109 0.196643
0 0.416134 0.36211 0.129393 0.206235
0 0.617412 0.322542 0.0974441 0.146283
0 0.688498 0.519185 0.086262 0.059952
0 0.535144 0.382494 0.105431 0.170264
0 0.715655 0.611511 0.15016 0.134293
0 0.662141 0.44964 0.129393 0.088729
0 0.510383 0.21223 0.129393 0.184652
0 0.64377 0.392086 0.108626 0.059952
0 0.571086 0.581535 0.167732 0.294964
0 0.282748 0.521583 0.134185 0.242206
0 0.259585 0.757794 0.170927 0.28777
0 0.411342 0.191847 0.0974441 0.139089
