0 0.293131 0.788969 0.138978 0.220624
0 0.583866 0.293765 0.129393 0.342926
0 0.416933 0.798561 0.108626 0.172662
0 0.58147 0.776978 0.15655 0.278177
0 0.559105 0.563549 0.182109 0.196643
0 0.583866 0.36211 0.129393 0.206235
0 0.382588 0.322542 0.0974441 0.146283
0 0.311502 0.519185 0.086262 0.059952
0 0.464856 0.382494 0.105431 0.170264
0 0.284345 0.611511 0.15016 0.134293
0 0.337859 0.44964 0.129393 0.088729
0 0.489617 0.21223 0.129393 0.184652
0 0.35623 0.392086 0.108626 0.059952
0 0.428914 0.581535 0.167732 0.294964
0 0.717252 0.521583 0.134185 0.242206
0 0.740415 0.757794 0.170927 0.28777
0 0.588658 0.191847 0.0974441 0.139089
