1 0.815625 0.842451 0.36875 0.315098
1 0.505 0.417943 0.135 0.118162
1 0.90375 0.811816 0.1925 0.253829
1 0.54875 0.602845 0.04 0.0809628
1 0.665 0.443107 0.3 0.242888
1 0.909375 0.555799 0.18125 0.266958
1 0.895625 0.442013 0.20875 0.19256
1 0.719375 0.452954 0.14375 0.131291
1 0.94125 0.842451 0.1175 0.315098
1 0.530625 0.727571 0.08875 0.207877
1 0.75625 0.859956 0.25 0.280088
1 0.56875 0.387309 0.075 0.0919037
1 0.803125 0.592998 0.32875 0.301969
1 0.75375 0.703501 0.4275 0.522976
1 0.5075 0.448578 0.0675 0.0787746
1 0.8 0.751641 0.0625 0.0765864
1 0.51 0.585339 0.0675 0.0765864
1 0.455 0.565646 0.1225 0.155361
1 0.506875 0.851204 0.10875 0.196937
1 0.43 0.851204 0.1125 0.19256
1 0.37 0.776805 0.155 0.262582
