1 0.184375 0.842451 0.36875 0.315098
1 0.495 0.417943 0.135 0.118162
1 0.09625 0.811816 0.1925 0.253829
1 0.45125 0.602845 0.04 0.0809628
1 0.335 0.443107 0.3 0.242888
1 0.090625 0.555799 0.18125 0.266958
1 0.104375 0.442013 0.20875 0.19256
1 0.280625 0.452954 0.14375 0.131291
1 0.05875 0.842451 0.1175 0.315098
1 0.469375 0.727571 0.08875 0.207877
1 0.24375 0.859956 0.25 0.280088
1 0.43125 0.387309 0.075 0.0919037
1 0.196875 0.592998 0.32875 0.301969
1 0.24625 0.703501 0.4275 0.522976
1 0.4925 0.448578 0.0675 0.0787746
1 0.2 0.751641 0.0625 0.0765864
1 0.49 0.585339 0.0675 0.0765864
1 0.545 0.565646 0.1225 0.155361
1 0.493125 0.851204 0.10875 0.196937
1 0.57 0.851204 0.1125 0.19256
1 0.63 0.776805 0.155 0.262582
