4 0.812692 0.165618 0.239231 0.220126
4 0.488846 0.360063 0.239231 0.221174
4 0.71 0.467505 0.272308 0.350105
4 0.266923 0.524633 0.226154 0.263103
4 0.06 0.531447 0.12 0.345912
4 0.0484615 0.639937 0.0969231 0.374214
4 0.0238462 0.20021 0.0476923 0.234801
4 0.242308 0.79979 0.36 0.209644
4 0.536154 0.67348 0.369231 0.464361
4 0.15 0.683438 0.101538 0.081761
4 0.167692 0.548218 0.12 0.238994
4 0.255385 0.660901 0.138462 0.122642
4 0.424615 0.131551 0.353846 0.263103
4 0.630385 0.218029 0.123846 0.180294
4 0.869231 0.813417 0.26 0.18239
4 0.791154 0.0419287 0.243846 0.0838574
4 0.623462 0.110587 0.0823077 0.0932914
4 0.415769 0.0146751 0.0546154 0.0293501
4 0.241923 0.0424528 0.156154 0.0849057
4 0.202308 0.164046 0.118462 0.120545
4 0.105769 0.204927 0.133077 0.212788
4 0.343846 0.340147 0.153846 0.227463
4 0.341923 0.240566 0.0453846 0.0702306
4 0.48 0.212788 0.235385 0.106918
4 0.717308 0.741614 0.260769 0.336478
4 0.903462 0.408805 0.193077 0.677149
