4 0.187308 0.165618 0.239231 0.220126
4 0.511154 0.360063 0.239231 0.221174
4 0.29 0.467505 0.272308 0.350105
4 0.733077 0.524633 0.226154 0.263103
4 0.94 0.531447 0.12 0.345912
4 0.951538 0.639937 0.0969231 0.374214
4 0.976154 0.20021 0.0476923 0.234801
4 0.757692 0.79979 0.36 0.209644
4 0.463846 0.67348 0.369231 0.464361
4 0.85 0.683438 0.101538 0.081761
4 0.832308 0.548218 0.12 0.238994
4 0.744615 0.660901 0.138462 0.122642
4 0.575385 0.131551 0.353846 0.263103
4 0.369615 0.218029 0.123846 0.180294
4 0.130769 0.813417 0.26 0.18239
4 0.208846 0.0419287 0.243846 0.0838574
4 0.376538 0.110587 0.0823077 0.0932914
4 0.584231 0.0146751 0.0546154 0.0293501
4 0.758077 0.0424528 0.156154 0.0849057
4 0.797692 0.164046 0.118462 0.120545
4 0.894231 0.204927 0.133077 0.212788
4 0.656154 0.340147 0.153846 0.227463
4 0.658077 0.240566 0.0453846 0.0702306
4 0.52 0.212788 0.235385 0.106918
4 0.282692 0.741614 0.260769 0.336478
4 0.0965385 0.408805 0.193077 0.677149
