1 0.575879 0.226837 0.0846645 0.102236
1 0.698882 0.4377 0.391374 0.146965
1 0.246006 0.982428 0.0351438 0.0351438
1 0.71885 0.589457 0.207668 0.162939
1 0.555911 0.736422 0.188498 0.0670927
1 0.613419 0.71885 0.29393 0.153355
1 0.873802 0.591054 0.0479233 0.108626
1 0.682109 0.353035 0.357827 0.162939
1 0.933706 0.912141 0.132588 0.175719
1 0.669329 0.589457 0.306709 0.162939
1 0.793131 0.503195 0.202875 0.124601
1 0.583067 0.311502 0.14377 0.0798722
1 0.224441 0.939297 0.161342 0.121406
1 0.627796 0.739617 0.332268 0.13738
1 0.602236 0.817891 0.297125 0.108626
1 0.838658 0.615016 0.0607029 0.124601
1 0.626198 0.669329 0.258786 0.15016
1 0.704473 0.592652 0.376997 0.169329
1 0.309904 0.945687 0.108626 0.108626
1 0.729233 0.214058 0.228435 0.249201
1 0.603834 0.271565 0.185304 0.159744
1 0.626997 0.541534 0.199681 0.162939
1 0.865815 0.728435 0.121406 0.185304
1 0.639776 0.589457 0.247604 0.162939
1 0.67492 0.34984 0.196486 0.194888
1 0.408946 0.880192 0.102236 0.15655
