1 0.82625 0.492509 0.11 0.161049
1 0.26875 0.889513 0.2775 0.220974
1 0.83 0.338951 0.1725 0.0636704
1 0.5475 0.323034 0.13 0.136704
1 0.75375 0.597378 0.125 0.146067
1 0.469375 0.171348 0.65125 0.342697
1 0.68875 0.812734 0.2325 0.374532
1 0.0775 0.0786517 0.155 0.157303
1 0.52125 0.71161 0.355 0.554307
1 0.833125 0.0561798 0.14625 0.11236
1 0.439375 0.905431 0.22375 0.189139
1 0.453125 0.390449 0.15375 0.106742
1 0.915625 0.13015 0.09125 0.0617978
1 0.705625 0.868914 0.11125 0.258427
1 0.978125 0.184457 0.04375 0.0805243
1 0.948125 0.872659 0.10375 0.254682
1 0.784375 0.414794 0.22875 0.136704
1 0.66 0.404494 0.065 0.093633
1 0.26625 0.871723 0.0975 0.110487
1 0.175 0.594569 0.35 0.646067
1 0.38125 0.331461 0.13 0.217228
1 0.31625 0.605805 0.1725 0.586142
1 0.0275 0.208801 0.055 0.117978
1 0.388125 0.515918 0.01875 0.0655431
1 0.080625 0.951311 0.16125 0.0973783
1 0.73 0.522472 0.11 0.082397
1 0.615 0.364232 0.1225 0.219101
1 0.878125 0.730337 0.24375 0.535581
1 0.3075 0.342697 0.135 0.153558
1 0.679375 0.363296 0.07125 0.108614
1 0.37 0.485955 0.0425 0.125468
1 0.90875 0.470974 0.1825 0.230337
1 0.850625 0.249064 0.29875 0.2397
1 0.84 0.121723 0.0875 0.0337079
1 0.915625 0.079588 0.16875 0.159176
1 0.5975 0.363296 0.165 0.220974
1 0.084375 0.178839 0.16875 0.245318
1 0.92125 0.400749 0.1125 0.093633
1 0.2325 0.219101 0.2725 0.127341
1 0.416875 0.242509 0.05625 0.0805243
1 0.73375 0.883895 0.075 0.228464
1 0.1075 0.899813 0.055 0.0842697
