1 0.92033 0.352941 0.10989 0.411765
1 0.791896 0.405637 0.146978 0.257353
1 0.53228 0.0894608 0.221154 0.134804
1 0.0728022 0.122549 0.104396 0.112745
1 0.714286 0.946078 0.107143 0.107843
1 0.611264 0.504902 0.269231 0.779412
1 0.878434 0.892157 0.130495 0.205882
1 0.979396 0.319853 0.0412088 0.183824
1 0.967033 0.919118 0.0659341 0.161765
1 0.958791 0.0465686 0.0631868 0.0931373
1 0.0899725 0.621324 0.179945 0.237745
1 0.191621 0.269608 0.0508242 0.0588235
1 0.0968407 0.253676 0.114011 0.169118
1 0.974588 0.11152 0.0508242 0.120098
1 0.971154 0.796569 0.0576923 0.0539216
1 0.0199176 0.284314 0.0398352 0.215686
1 0.425137 0.5 0.267857 0.764706
1 0.927198 0.903186 0.129121 0.17402
1 0.836538 0.843137 0.151099 0.313725
1 0.657967 0.0318627 0.0851648 0.0637255
1 0.369505 0.0367647 0.120879 0.0735294
1 0.482143 0.0686275 0.129121 0.107843
1 0.838599 0.148284 0.229396 0.296569
1 0.930632 0.609069 0.135989 0.272059
1 0.770604 0.633578 0.0741758 0.144608
1 0.239698 0.362745 0.157967 0.318627
1 0.343407 0.0931373 0.282967 0.186275
1 0.181319 0.860294 0.362637 0.27451
1 0.484203 0.947304 0.182692 0.10049
1 0.293956 0.881127 0.0769231 0.0759804
1 0.274725 0.797794 0.104396 0.0955882
1 0.250687 0.622549 0.133242 0.284314
1 0.18956 0.654412 0.0851648 0.264706
1 0.116071 0.555147 0.0700549 0.139706
1 0.0357143 0.482843 0.0714286 0.171569
1 0.10783 0.426471 0.130495 0.181373
