1 0.6725 0.409944 0.06 0.0694184
1 0.789375 0.825516 0.05625 0.0900563
1 0.355625 0.344278 0.27125 0.272045
1 0.581875 0.395872 0.25375 0.337711
1 0.579375 0.45122 0.14125 0.230769
1 0.5275 0.286116 0.145 0.118199
1 0.184375 0.401501 0.24625 0.318949
1 0.4875 0.850844 0.26 0.185741
1 0.826875 0.82364 0.07625 0.101313
1 0.2125 0.374296 0.1575 0.193246
1 0.4875 0.349906 0.03 0.065666
1 0.20625 0.341463 0.2025 0.195122
1 0.825 0.878049 0.145 0.0375235
1 0.52125 0.417448 0.075 0.0506567
1 0.1375 0.557223 0.2025 0.382739
1 0.45125 0.428705 0.1575 0.0956848
1 0.564375 0.469043 0.02375 0.0487805
