1 0.3275 0.409944 0.06 0.0694184
1 0.210625 0.825516 0.05625 0.0900563
1 0.644375 0.344278 0.27125 0.272045
1 0.418125 0.395872 0.25375 0.337711
1 0.420625 0.45122 0.14125 0.230769
1 0.4725 0.286116 0.145 0.118199
1 0.815625 0.401501 0.24625 0.318949
1 0.5125 0.850844 0.26 0.185741
1 0.173125 0.82364 0.07625 0.101313
1 0.7875 0.374296 0.1575 0.193246
1 0.5125 0.349906 0.03 0.065666
1 0.79375 0.341463 0.2025 0.195122
1 0.175 0.878049 0.145 0.0375235
1 0.47875 0.417448 0.075 0.0506567
1 0.8625 0.557223 0.2025 0.382739
1 0.54875 0.428705 0.1575 0.0956848
1 0.435625 0.469043 0.02375 0.0487805
