4 0.974441 0.477218 0.0511182 0.215827
4 0.251597 0.908873 0.20607 0.182254
4 0.89377 0.406475 0.170927 0.218225
4 0.70607 0.559952 0.124601 0.247002
4 0.567093 0.154676 0.191693 0.285372
4 0.428115 0.450839 0.159744 0.268585
4 0.583067 0.569544 0.191693 0.290168
4 0.354633 0.128297 0.175719 0.218225
4 0.720447 0.422062 0.182109 0.172662
4 0.186901 0.260192 0.271565 0.304556
4 0.721246 0.934053 0.21246 0.131894
4 0.128594 0.661871 0.222045 0.292566
4 0.412141 0.306954 0.188498 0.182254
4 0.0934505 0.88729 0.186901 0.22542
4 0.497604 0.874101 0.22524 0.251799
4 0.507987 0.721823 0.13738 0.0959233
4 0.919329 0.702638 0.161342 0.235012
4 0.375399 0.684652 0.207668 0.314149
4 0.247604 0.480815 0.210863 0.285372
4 0.071885 0.534772 0.14377 0.230216
4 0.551118 0.423261 0.121406 0.141487
4 0.839457 0.615108 0.123003 0.203837
