5 0.642789 0.383178 0.164279 0.0907877
5 0.673352 0.473298 0.168099 0.082777
5 0.480898 0.446929 0.256925 0.122163
5 0.244986 0.459279 0.123209 0.109479
5 0.445559 0.521696 0.178606 0.0420561
5 0.457498 0.480307 0.160458 0.0567423
5 0.546323 0.45761 0.034384 0.0246996
5 0.583095 0.50968 0.0811843 0.0620828
5 0.866762 0.501001 0.0926457 0.0420561
5 0.797039 0.444927 0.0888252 0.102136
5 0.755014 0.402203 0.0850048 0.0607477
5 0.835721 0.485314 0.0916905 0.0413885
5 0.776982 0.416555 0.0945559 0.0654206
