5 0.453333 0.581438 0.0866667 0.078253
5 0.214 0.628753 0.109333 0.152866
5 0.132667 0.743403 0.14 0.176524
5 0.122667 0.8899 0.076 0.0363967
5 0.0216667 0.870337 0.0433333 0.0755232
5 0.06 0.840764 0.0666667 0.123749
5 0.181333 0.838944 0.0613333 0.0691538
5 0.164667 0.788444 0.052 0.0627843
5 0.122333 0.844859 0.062 0.0646042
5 0.0276667 0.654231 0.0553333 0.0800728
5 0.0246667 0.78162 0.0493333 0.0837125
5 0.100333 0.633758 0.0726667 0.0809827
5 0.076 0.567789 0.0706667 0.0873521
5 0.22 0.82848 0.056 0.10646
5 0.487 0.257052 0.0966667 0.0900819
5 0.304 0.705641 0.068 0.0973612
5 0.249333 0.703367 0.064 0.118289
5 0.287 0.814832 0.0766667 0.139217
5 0.348 0.812557 0.048 0.0545951
5 0.387667 0.774795 0.0646667 0.0536852
5 0.377667 0.707916 0.078 0.0818926
5 0.447333 0.721565 0.076 0.0818926
5 0.381333 0.631483 0.06 0.0818926
5 0.346 0.594631 0.0373333 0.117379
5 0.299667 0.527298 0.0673333 0.0882621
5 0.191333 0.534577 0.0906667 0.077343
5 0.326 0.574613 0.0426667 0.066424
5 0.282667 0.601001 0.0493333 0.0482257
5 0.472 0.533212 0.125333 0.10737
5 0.516 0.529572 0.0493333 0.0345769
5 0.569 0.532302 0.0553333 0.0564149
5 0.582 0.616015 0.0773333 0.0527753
5 0.556667 0.656051 0.0453333 0.0473157
5 0.504667 0.649682 0.0346667 0.129208
5 0.448667 0.639217 0.0813333 0.0900819
5 0.438667 0.634668 0.0733333 0.0682439
5 0.402 0.560965 0.0826667 0.0464058
5 0.305333 0.649682 0.0493333 0.0436761
5 0.532 0.60919 0.028 0.0573248
5 0.570667 0.568244 0.0866667 0.0427662
5 0.609 0.474522 0.0486667 0.0318471
5 0.624333 0.528207 0.0833333 0.0882621
5 0.631333 0.438581 0.052 0.0582348
5 0.137667 0.545496 0.03 0.117379
5 0.149333 0.616015 0.0306667 0.0873521
5 0.116667 0.50182 0.0426667 0.077343
5 0.0813333 0.505005 0.0333333 0.0363967
5 0.0556667 0.523203 0.054 0.0418562
5 0.0176667 0.582348 0.0353333 0.0691538
5 0.0186667 0.518198 0.0373333 0.0373066
5 0.150333 0.368517 0.100667 0.0964513
5 0.0786667 0.350773 0.0493333 0.10828
5 0.0773333 0.428571 0.064 0.0491356
5 0.0336667 0.406733 0.0673333 0.0582348
5 0.0353333 0.365332 0.0573333 0.0573248
5 0.022 0.478617 0.044 0.089172
5 0.032 0.322111 0.0413333 0.0491356
5 0.0153333 0.355778 0.0306667 0.0327571
5 0.0293333 0.259327 0.0586667 0.0363967
5 0.0453333 0.291629 0.0746667 0.0373066
5 0.0793333 0.249318 0.0546667 0.0618744
5 0.0933333 0.283439 0.0346667 0.0354868
5 0.120333 0.264786 0.0326667 0.0545951
5 0.160667 0.269791 0.0253333 0.0245678
5 0.167333 0.261146 0.0506667 0.0418562
5 0.140667 0.280255 0.028 0.0363967
5 0.219667 0.237944 0.05 0.0482257
5 0.194 0.213376 0.0306667 0.033667
5 0.249 0.202912 0.0326667 0.0363967
5 0.225333 0.207916 0.0173333 0.0245678
5 0.178333 0.475432 0.0486667 0.0882621
5 0.101667 0.466788 0.0486667 0.0600546
5 0.16 0.399454 0.036 0.0509554
5 0.178667 0.358963 0.036 0.0500455
5 0.13 0.348499 0.0586667 0.0272975
5 0.138 0.325751 0.0306667 0.0327571
5 0.11 0.327571 0.0306667 0.0436761
5 0.143667 0.304368 0.0446667 0.0263876
5 0.191667 0.293449 0.026 0.0409463
5 0.231333 0.327116 0.0693333 0.0627843
5 0.245667 0.535032 0.0353333 0.0418562
5 0.234 0.467698 0.0906667 0.0618744
5 0.195667 0.486806 0.0246667 0.0236579
5 0.241 0.419017 0.098 0.0464058
5 0.216 0.404914 0.0786667 0.0363967
5 0.234 0.372157 0.076 0.0564149
5 0.285 0.27525 0.066 0.101001
5 0.263667 0.230664 0.038 0.0482257
5 0.168667 0.456324 0.024 0.0318471
5 0.136667 0.449045 0.0413333 0.0373066
5 0.274667 0.406733 0.0306667 0.0127389
5 0.150667 0.481347 0.0346667 0.021838
5 0.186667 0.427662 0.0226667 0.0382166
5 0.197667 0.390355 0.026 0.0181984
5 0.286667 0.367607 0.036 0.0800728
5 0.345333 0.366697 0.0573333 0.0709736
5 0.307 0.373521 0.038 0.0919017
5 0.331 0.360328 0.0886667 0.11283
5 0.327333 0.255232 0.0746667 0.055505
5 0.308 0.457234 0.0573333 0.0700637
5 0.340667 0.522748 0.0346667 0.033667
5 0.371333 0.498635 0.0746667 0.0327571
5 0.377 0.472247 0.0286667 0.0236579
5 0.361 0.440855 0.0366667 0.0646042
5 0.391 0.38717 0.0433333 0.131938
5 0.388667 0.329845 0.036 0.0627843
5 0.419667 0.349409 0.0326667 0.0436761
5 0.477667 0.406733 0.066 0.0436761
5 0.424333 0.431756 0.0686667 0.0682439
5 0.464333 0.450864 0.0673333 0.077343
5 0.512667 0.463148 0.0333333 0.0618744
5 0.490333 0.498635 0.0433333 0.0382166
5 0.532333 0.505005 0.0353333 0.0382166
5 0.399 0.526388 0.0766667 0.0300273
5 0.334667 0.762966 0.0413333 0.0700637
5 0.113667 0.424932 0.0593333 0.0382166
5 0.244 0.300273 0.0546667 0.0636943
5 0.372333 0.28253 0.0353333 0.0300273
5 0.400333 0.291629 0.0246667 0.0263876
5 0.449333 0.296633 0.04 0.0527753
5 0.427333 0.33758 0.0253333 0.0327571
5 0.454 0.345769 0.0266667 0.0309372
5 0.453667 0.377161 0.0273333 0.033667
5 0.492667 0.364877 0.044 0.0527753
5 0.484667 0.334395 0.056 0.0354868
5 0.490333 0.305278 0.0406667 0.0318471
5 0.522667 0.320746 0.044 0.0354868
5 0.535 0.360328 0.05 0.0473157
5 0.571 0.331665 0.0326667 0.0591447
5 0.545333 0.455869 0.044 0.0527753
5 0.337667 0.212466 0.0446667 0.033667
5 0.363333 0.207461 0.0253333 0.0291174
5 0.397333 0.250682 0.0253333 0.044586
5 0.334667 0.141492 0.0426667 0.0391265
5 0.303667 0.191993 0.026 0.0345769
5 0.306333 0.163785 0.014 0.0200182
5 0.323 0.171065 0.0313333 0.021838
5 0.277333 0.181074 0.024 0.0181984
5 0.420333 0.205187 0.062 0.0627843
5 0.356333 0.228844 0.018 0.0136488
5 0.379 0.203822 0.0286667 0.0673339
5 0.336667 0.191083 0.0893333 0.0800728
5 0.366 0.130118 0.028 0.0345769
5 0.394333 0.126024 0.0286667 0.0427662
5 0.406333 0.156506 0.026 0.0363967
5 0.445333 0.183348 0.0386667 0.055505
5 0.427 0.126024 0.0353333 0.0518653
5 0.440333 0.151956 0.046 0.0527753
5 0.512667 0.188353 0.0666667 0.0800728
5 0.510333 0.202457 0.0353333 0.0573248
5 0.474 0.175159 0.0253333 0.0391265
5 0.544 0.258417 0.028 0.0564149
5 0.32 0.295268 0.0426667 0.0318471
5 0.552 0.414013 0.06 0.0527753
5 0.574667 0.469973 0.0173333 0.0591447
5 0.545333 0.491356 0.032 0.0291174
5 0.584667 0.425842 0.0426667 0.0746133
5 0.535667 0.153776 0.0393333 0.0473157
5 0.503 0.11647 0.038 0.0509554
5 0.523667 0.101456 0.0326667 0.0427662
5 0.567333 0.116924 0.0386667 0.055505
5 0.559 0.16879 0.022 0.0609645
5 0.564 0.207461 0.0413333 0.0345769
5 0.593333 0.227934 0.0306667 0.044586
5 0.618667 0.243403 0.0333333 0.033667
5 0.628 0.181984 0.032 0.0345769
5 0.585667 0.16424 0.0286667 0.0318471
5 0.593 0.138308 0.0313333 0.0418562
5 0.601667 0.121019 0.0233333 0.0236579
5 0.62 0.129663 0.0146667 0.0172884
5 0.634333 0.123749 0.0286667 0.0309372
5 0.643667 0.152411 0.026 0.0318471
5 0.678333 0.188353 0.0353333 0.0254777
5 0.669 0.451774 0.062 0.102821
5 0.786667 0.424932 0.425333 0.300273
5 0.715 0.333485 0.0446667 0.055505
5 0.683667 0.328935 0.0206667 0.0263876
5 0.652 0.298908 0.044 0.0282075
5 0.643667 0.242038 0.00733333 0.0145587
5 0.621667 0.272066 0.026 0.0600546
5 0.548 0.309372 0.0373333 0.0491356
5 0.576 0.291174 0.0186667 0.021838
5 0.57 0.27434 0.024 0.0282075
5 0.567 0.242948 0.0233333 0.0309372
5 0.760333 0.286169 0.034 0.0354868
5 0.863 0.343039 0.0206667 0.021838
5 0.676333 0.269336 0.0273333 0.0545951
5 0.654333 0.261146 0.0273333 0.0363967
5 0.695333 0.249318 0.0453333 0.0946315
5 0.656333 0.202002 0.022 0.0400364
5 0.614333 0.153321 0.0246667 0.0300273
5 0.725333 0.232484 0.0453333 0.0409463
5 0.764333 0.320291 0.0406667 0.0345769
5 0.728333 0.268881 0.026 0.0737034
5 0.428 0.256597 0.024 0.0400364
5 0.300333 0.625114 0.058 0.0327571
5 0.482667 0.144222 0.0453333 0.0191083
5 0.789 0.305732 0.042 0.0454959
5 0.756333 0.258872 0.0366667 0.0391265
