1 0.709028 0.0388889 0.115278 0.0777778
1 0.259722 0.355556 0.175 0.203704
1 0.674306 0.101852 0.0458333 0.0703704
1 0.0201389 0.837037 0.0402778 0.0888889
1 0.7625 0.405556 0.180556 0.122222
1 0.314583 0.139815 0.143056 0.268519
1 0.906944 0.831481 0.161111 0.0740741
1 0.542361 0.140741 0.193056 0.281481
1 0.374306 0.973148 0.1875 0.0537037
1 0.430556 0.148148 0.119444 0.17037
1 0.572222 0.584259 0.327778 0.401852
1 0.894444 0.288889 0.130556 0.203704
1 0.569444 0.927778 0.122222 0.140741
1 0.322222 0.831481 0.211111 0.281481
1 0.481944 0.52963 0.0666667 0.2
1 0.0715278 0.301852 0.143056 0.166667
1 0.696528 0.225 0.226389 0.227778
1 0.755556 0.139815 0.152778 0.17963
1 0.521528 0.975926 0.106944 0.0481481
1 0.464583 0.636111 0.156944 0.109259
1 0.0381944 0.962037 0.0763889 0.0759259
1 0.979861 0.398148 0.0402778 0.0777778
1 0.888194 0.923148 0.223611 0.153704
1 0.884722 0.506481 0.136111 0.127778
1 0.658333 0.851852 0.116667 0.144444
1 0.590972 0.800926 0.0791667 0.17963
1 0.0701389 0.897222 0.131944 0.135185
1 0.270833 0.54537 0.366667 0.346296
1 0.390972 0.110185 0.0625 0.0648148
1 0.878472 0.403704 0.115278 0.114815
1 0.15625 0.302778 0.245833 0.253704
1 0.222917 0.97963 0.129167 0.0407407
1 0.838889 0.646296 0.119444 0.2
1 0.960417 0.622222 0.0791667 0.296296
1 0.622222 0.286111 0.119444 0.15
1 0.773611 0.802778 0.225 0.135185
1 0.776389 0.589815 0.113889 0.224074
1 0.0402778 0.464815 0.0805556 0.140741
1 0.4875 0.828704 0.133333 0.212963
1 0.748611 0.87963 0.136111 0.0851852
1 0.928472 0.4 0.0930556 0.0851852
1 0.695139 0.624074 0.0708333 0.12963
1 0.781944 0.236111 0.113889 0.212963
1 0.313194 0.974074 0.309722 0.0518519
1 0.94375 0.79537 0.0763889 0.0907407
1 0.313889 0.711111 0.0555556 0.12963
1 0.622917 0.087037 0.109722 0.148148
1 0.511806 0.297222 0.140278 0.283333
1 0.164583 0.711111 0.329167 0.451852
1 0.642361 0.592593 0.0958333 0.144444
1 0.901389 0.639815 0.102778 0.209259
1 0.733333 0.460185 0.0722222 0.0944444
1 0.375694 0.373148 0.1125 0.268519
1 0.427778 0.42037 0.0888889 0.296296
1 0.0479167 0.335185 0.0958333 0.133333
1 0.214583 0.125 0.0819444 0.153704
1 0.146528 0.130556 0.179167 0.17963
1 0.477083 0.0425926 0.140278 0.0851852
1 0.6625 0.913889 0.186111 0.172222
1 0.372917 0.0601852 0.0375 0.0648148
1 0.620833 0.647222 0.0888889 0.112963
1 0.709028 0.739815 0.1375 0.127778
1 0.622917 0.643519 0.0847222 0.112963
1 0.707639 0.738889 0.1375 0.125926
1 0.408333 0.85463 0.0472222 0.15
