1 0.290972 0.0388889 0.115278 0.0777778
1 0.740278 0.355556 0.175 0.203704
1 0.325694 0.101852 0.0458333 0.0703704
1 0.979861 0.837037 0.0402778 0.0888889
1 0.2375 0.405556 0.180556 0.122222
1 0.685417 0.139815 0.143056 0.268519
1 0.0930556 0.831481 0.161111 0.0740741
1 0.457639 0.140741 0.193056 0.281481
1 0.625694 0.973148 0.1875 0.0537037
1 0.569444 0.148148 0.119444 0.17037
1 0.427778 0.584259 0.327778 0.401852
1 0.105556 0.288889 0.130556 0.203704
1 0.430556 0.927778 0.122222 0.140741
1 0.677778 0.831481 0.211111 0.281481
1 0.518056 0.52963 0.0666667 0.2
1 0.928472 0.301852 0.143056 0.166667
1 0.303472 0.225 0.226389 0.227778
1 0.244444 0.139815 0.152778 0.17963
1 0.478472 0.975926 0.106944 0.0481481
1 0.535417 0.636111 0.156944 0.109259
1 0.961806 0.962037 0.0763889 0.0759259
1 0.0201389 0.398148 0.0402778 0.0777778
1 0.111806 0.923148 0.223611 0.153704
1 0.115278 0.506481 0.136111 0.127778
1 0.341667 0.851852 0.116667 0.144444
1 0.409028 0.800926 0.0791667 0.17963
1 0.929861 0.897222 0.131944 0.135185
1 0.729167 0.54537 0.366667 0.346296
1 0.609028 0.110185 0.0625 0.0648148
1 0.121528 0.403704 0.115278 0.114815
1 0.84375 0.302778 0.245833 0.253704
1 0.777083 0.97963 0.129167 0.0407407
1 0.161111 0.646296 0.119444 0.2
1 0.0395833 0.622222 0.0791667 0.296296
1 0.377778 0.286111 0.119444 0.15
1 0.226389 0.802778 0.225 0.135185
1 0.223611 0.589815 0.113889 0.224074
1 0.959722 0.464815 0.0805556 0.140741
1 0.5125 0.828704 0.133333 0.212963
1 0.251389 0.87963 0.136111 0.0851852
1 0.0715278 0.4 0.0930556 0.0851852
1 0.304861 0.624074 0.0708333 0.12963
1 0.218056 0.236111 0.113889 0.212963
1 0.686806 0.974074 0.309722 0.0518519
1 0.05625 0.79537 0.0763889 0.0907407
1 0.686111 0.711111 0.0555556 0.12963
1 0.377083 0.087037 0.109722 0.148148
1 0.488194 0.297222 0.140278 0.283333
1 0.835417 0.711111 0.329167 0.451852
1 0.357639 0.592593 0.0958333 0.144444
1 0.0986111 0.639815 0.102778 0.209259
1 0.266667 0.460185 0.0722222 0.0944444
1 0.624306 0.373148 0.1125 0.268519
1 0.572222 0.42037 0.0888889 0.296296
1 0.952083 0.335185 0.0958333 0.133333
1 0.785417 0.125 0.0819444 0.153704
1 0.853472 0.130556 0.179167 0.17963
1 0.522917 0.0425926 0.140278 0.0851852
1 0.3375 0.913889 0.186111 0.172222
1 0.627083 0.0601852 0.0375 0.0648148
1 0.379167 0.647222 0.0888889 0.112963
1 0.290972 0.739815 0.1375 0.127778
1 0.377083 0.643519 0.0847222 0.112963
1 0.292361 0.738889 0.1375 0.125926
1 0.591667 0.85463 0.0472222 0.15
