5 0.304 0.518165 0.118667 0.144414
5 0.281667 0.464124 0.122 0.141689
5 0.706333 0.509537 0.128667 0.374205
5 0.584667 0.427793 0.158667 0.276113
5 0.579 0.270663 0.0366667 0.0326975
5 0.678333 0.338783 0.0473333 0.0599455
5 0.658333 0.25931 0.136667 0.0862852
5 0.647 0.272025 0.154 0.0935513
5 0.515333 0.287012 0.116 0.141689
5 0.483 0.235695 0.0406667 0.0663034
5 0.444333 0.311989 0.139333 0.122616
5 0.384 0.309264 0.152 0.171662
5 0.37 0.260672 0.044 0.0690282
5 0.26 0.324705 0.056 0.0681199
5 0.407 0.396912 0.0513333 0.0526794
5 0.485 0.405086 0.111333 0.0926431
5 0.451667 0.483197 0.0673333 0.0781108
5 0.412 0.507266 0.0653333 0.111717
5 0.406 0.453224 0.122667 0.236149
5 0.304 0.286104 0.0693333 0.243415
5 0.307 0.639873 0.116667 0.133515
5 0.714333 0.622162 0.106 0.22525
5 0.595 0.670754 0.0953333 0.0862852
5 0.616667 0.573569 0.0933333 0.0935513
5 0.627667 0.622616 0.0886667 0.0463215
5 0.493333 0.563579 0.164 0.160763
5 0.443 0.656676 0.167333 0.116258
