5 0.541016 0.27326 0.177734 0.169963
5 0.516699 0.452894 0.133984 0.130696
5 0.557227 0.69011 0.128125 0.0996337
5 0.723242 0.666227 0.0558594 0.0328205
5 0.793066 0.612308 0.114453 0.0978755
5 0.745898 0.711648 0.0699219 0.0504029
5 0.781055 0.696117 0.0289063 0.0486447
5 0.722656 0.732747 0.0585938 0.0281319
5 0.879785 0.664322 0.196094 0.156484
5 0.700195 0.629744 0.0722656 0.0375092
5 0.677734 0.655678 0.0800781 0.0791209
5 0.641992 0.692161 0.0164063 0.021685
5 0.625977 0.66696 0.0449219 0.0445421
5 0.589258 0.63707 0.0359375 0.0463004
5 0.540137 0.658168 0.0773438 0.0679853
5 0.695117 0.69304 0.148047 0.111355
5 0.662695 0.490989 0.08125 0.0574359
5 0.741797 0.388132 0.0675781 0.0890842
5 0.619141 0.464762 0.0683594 0.0591941
5 0.635352 0.319267 0.05 0.0773626
5 0.716113 0.35707 0.0640625 0.0855678
