5 0.458984 0.27326 0.177734 0.169963
5 0.483496 0.452894 0.133984 0.130696
5 0.442969 0.69011 0.128125 0.0996337
5 0.276953 0.666227 0.0558594 0.0328205
5 0.206641 0.612308 0.114453 0.0978755
5 0.254199 0.711648 0.0699219 0.0504029
5 0.218555 0.696117 0.0289063 0.0486447
5 0.277344 0.732747 0.0585938 0.0281319
5 0.120508 0.664322 0.196094 0.156484
5 0.299805 0.629744 0.0722656 0.0375092
5 0.322266 0.655678 0.0800781 0.0791209
5 0.358301 0.692161 0.0164063 0.021685
5 0.374023 0.66696 0.0449219 0.0445421
5 0.411035 0.63707 0.0359375 0.0463004
5 0.45957 0.658168 0.0773438 0.0679853
5 0.30498 0.69304 0.148047 0.111355
5 0.337012 0.490989 0.08125 0.0574359
5 0.25791 0.388132 0.0675781 0.0890842
5 0.380859 0.464762 0.0683594 0.0591941
5 0.364844 0.319267 0.05 0.0773626
5 0.283984 0.35707 0.0640625 0.0855678
