5 0.465 0.50891 0.308462 0.0953878
5 0.45 0.604822 0.361538 0.207547
5 0.773846 0.537212 0.312308 0.189727
5 0.548077 0.716981 0.511538 0.18239
5 0.524615 0.668239 0.0492308 0.116352
5 0.606154 0.64413 0.112308 0.057652
5 0.573462 0.287212 0.0930769 0.132075
5 0.822308 0.216457 0.0723077 0.0953878
5 0.342692 0.310273 0.0346154 0.0545073
5 0.405769 0.412998 0.0961538 0.161426
5 0.462692 0.553983 0.0223077 0.0283019
5 0.513846 0.0607966 0.0338462 0.0566038
5 0.474231 0.0592243 0.0361538 0.0492662
5 0.565769 0.103249 0.151538 0.181342
5 0.432308 0.349581 0.0692308 0.124738
5 0.414615 0.269916 0.0276923 0.0408805
5 0.14 0.108491 0.04 0.0408805
5 0.291923 0.091195 0.0530769 0.1174
