3 0.453 0.643506 0.0166667 0.0208901
3 0.482667 0.631698 0.04 0.0554042
3 0.495333 0.854678 0.0906667 0.0672116
3 0.158667 0.517257 0.052 0.071753
3 0.0946667 0.829246 0.188 0.13079
3 0.0316667 0.559491 0.0246667 0.0217984
3 0.0203333 0.5495 0.034 0.0236149
3 0.038 0.529519 0.04 0.030881
3 0.119 0.524069 0.03 0.0399637
3 0.159 0.516803 0.0513333 0.0726612
3 0.351667 0.426431 0.0886667 0.0790191
3 0.285333 0.42416 0.0413333 0.0290645
3 0.225667 0.40554 0.191333 0.11535
3 0.289667 0.870572 0.0433333 0.0336058
3 0.241667 0.483197 0.0993333 0.0871935
3 0.356 0.496821 0.0693333 0.0526794
3 0.31 0.499092 0.0573333 0.0535876
3 0.457667 0.525431 0.0766667 0.0426885
3 0.529667 0.410082 0.352667 0.184378
3 0.343333 0.577203 0.130667 0.0881017
3 0.431333 0.547684 0.117333 0.0563124
3 0.419667 0.627611 0.0873333 0.0908265
3 0.241667 0.606721 0.0406667 0.0635786
3 0.324333 0.633969 0.120667 0.110808
3 0.327667 0.80109 0.231333 0.234332
3 0.491667 0.826521 0.207333 0.188919
3 0.679 0.824251 0.188667 0.202543
3 0.885 0.811989 0.23 0.223433
3 0.849667 0.632607 0.300667 0.257039
3 0.597333 0.602634 0.273333 0.316985
