3 0.698846 0.360965 0.173077 0.18468
3 0.877308 0.455404 0.245385 0.209864
3 0.806154 0.642707 0.133846 0.185729
3 0.862308 0.808499 0.275385 0.189927
3 0.635385 0.795383 0.295385 0.220357
3 0.657692 0.66212 0.181538 0.207765
3 0.7 0.466946 0.132308 0.228751
3 0.503077 0.652151 0.172308 0.225603
3 0.463846 0.835782 0.113846 0.131165
3 0.330385 0.648478 0.179231 0.497377
3 0.173846 0.774397 0.14 0.260231
3 0.108462 0.727702 0.215385 0.259182
3 0.0892308 0.846275 0.152308 0.120672
3 0.186538 0.469045 0.311538 0.390346
3 0.272692 0.567156 0.136154 0.202518
3 0.433846 0.328437 0.192308 0.130115
3 0.335769 0.298006 0.0607692 0.0608604
3 0.163077 0.26915 0.324615 0.219307
3 0.585769 0.31532 0.21 0.227702
