5 0.8235 0.646667 0.299 0.401333
5 0.71575 0.271333 0.1935 0.0986667
5 0.43375 0.366333 0.1825 0.356667
5 0.2545 0.394667 0.188 0.237333
5 0.19225 0.255667 0.2975 0.223333
5 0.11575 0.462667 0.2315 0.236
5 0.07475 0.413 0.1115 0.108667
5 0.2405 0.627 0.253 0.223333
5 0.25625 0.626333 0.1585 0.143333
5 0.2195 0.528 0.136 0.084
5 0.642 0.527 0.191 0.244667
5 0.82975 0.39 0.1905 0.204
5 0.93575 0.522667 0.1275 0.132
5 0.87675 0.470667 0.0735 0.0973333
5 0.50675 0.495 0.0895 0.103333
5 0.38275 0.322667 0.0925 0.142667
5 0.5395 0.409667 0.099 0.11
5 0.3195 0.269667 0.155 0.082
5 0.4155 0.170667 0.082 0.084
5 0.40175 0.226667 0.0695 0.0546667
5 0.44375 0.66 0.3325 0.364
5 0.49575 0.608333 0.1755 0.188667
5 0.60425 0.320947 0.0035 0.0392267
