5 0.1765 0.646667 0.299 0.401333
5 0.28425 0.271333 0.1935 0.0986667
5 0.56625 0.366333 0.1825 0.356667
5 0.7455 0.394667 0.188 0.237333
5 0.80775 0.255667 0.2975 0.223333
5 0.88425 0.462667 0.2315 0.236
5 0.92525 0.413 0.1115 0.108667
5 0.7595 0.627 0.253 0.223333
5 0.74375 0.626333 0.1585 0.143333
5 0.7805 0.528 0.136 0.084
5 0.358 0.527 0.191 0.244667
5 0.17025 0.39 0.1905 0.204
5 0.06425 0.522667 0.1275 0.132
5 0.12325 0.470667 0.0735 0.0973333
5 0.49325 0.495 0.0895 0.103333
5 0.61725 0.322667 0.0925 0.142667
5 0.4605 0.409667 0.099 0.11
5 0.6805 0.269667 0.155 0.082
5 0.5845 0.170667 0.082 0.084
5 0.59825 0.226667 0.0695 0.0546667
5 0.55625 0.66 0.3325 0.364
5 0.50425 0.608333 0.1755 0.188667
5 0.39575 0.320947 0.0035 0.0392267
