5 0.2875 0.549103 0.1575 0.192997
5 0.499375 0.404782 0.19125 0.273271
5 0.695625 0.334757 0.17375 0.0939368
5 0.571562 0.538429 0.181875 0.248506
5 0.760625 0.444492 0.09 0.0555081
5 0.6875 0.502562 0.13625 0.0674637
5 0.709063 0.447908 0.224375 0.142613
5 0.839375 0.517079 0.10375 0.0862511
5 0.723125 0.541845 0.10625 0.0572161
5 0.8225 0.471819 0.06 0.029889
5 0.299375 0.269001 0.1525 0.198121
5 0.246562 0.416738 0.185625 0.222032
5 0.373437 0.403074 0.110625 0.372331
5 0.5075 0.241247 0.18 0.152861
5 0.573438 0.166524 0.103125 0.0358668
5 0.706562 0.227583 0.155625 0.110162
5 0.24625 0.245517 0.18375 0.359522
