5 0.7125 0.549103 0.1575 0.192997
5 0.500625 0.404782 0.19125 0.273271
5 0.304375 0.334757 0.17375 0.0939368
5 0.428438 0.538429 0.181875 0.248506
5 0.239375 0.444492 0.09 0.0555081
5 0.3125 0.502562 0.13625 0.0674637
5 0.290938 0.447908 0.224375 0.142613
5 0.160625 0.517079 0.10375 0.0862511
5 0.276875 0.541845 0.10625 0.0572161
5 0.1775 0.471819 0.06 0.029889
5 0.700625 0.269001 0.1525 0.198121
5 0.753437 0.416738 0.185625 0.222032
5 0.626563 0.403074 0.110625 0.372331
5 0.4925 0.241247 0.18 0.152861
5 0.426563 0.166524 0.103125 0.0358668
5 0.293438 0.227583 0.155625 0.110162
5 0.75375 0.245517 0.18375 0.359522
