5 0.291623 0.591975 0.0890052 0.0975309
5 0.272251 0.333333 0.0586387 0.103704
5 0.417801 0.477778 0.0418848 0.123457
5 0.202443 0.611545 0.0593366 0.151485
5 0.156021 0.500844 0.0691099 0.139959
4 0.804712 0.304321 0.0670157 0.206173
5 0.631152 0.209877 0.0518325 0.120988
5 0.734817 0.324691 0.0528796 0.108642
5 0.744503 0.394444 0.0617801 0.0901235
5 0.686649 0.328395 0.0413613 0.111111
5 0.663351 0.275309 0.052356 0.0839506
5 0.649476 0.346914 0.0455497 0.0814815
5 0.589529 0.250617 0.0492147 0.0864198
0 0.530628 0.331481 0.0570681 0.203704
5 0.590838 0.940741 0.0623037 0.116049
5 0.193979 0.403086 0.0455497 0.132099
5 0.368848 0.425926 0.0403141 0.116049
5 0.670157 0.490123 0.102618 0.120988
5 0.588743 0.47716 0.082199 0.0802469
5 0.586126 0.391358 0.106283 0.103704
5 0.617016 0.0604938 0.0539267 0.0641975
6 0.910733 0.307407 0.0267016 0.0419753
6 0.958901 0.319753 0.0811518 0.130864
5 0.158377 0.640741 0.0507853 0.0740741
6 0.430105 0.087037 0.111518 0.174074
6 0.225131 0.0648148 0.120419 0.12963
5 0.908639 0.0382716 0.0853403 0.0666667
5 0.960209 0.0524691 0.0429319 0.0654321
0 0.115445 0.387654 0.12199 0.498765
