5 0.435833 0.652586 0.368333 0.512069
5 0.30625 0.374138 0.0991667 0.189655
5 0.28875 0.553448 0.0541667 0.0724138
5 0.250417 0.608621 0.0675 0.2
5 0.20375 0.758621 0.0575 0.12069
5 0.258333 0.756034 0.0616667 0.101724
5 0.1125 0.193103 0.0816667 0.17931
5 0.182083 0.260345 0.0591667 0.227586
5 0.187917 0.12931 0.0808333 0.0758621
5 0.0675 0.447414 0.085 0.0637931
5 0.236667 0.456897 0.065 0.0965517
5 0.104583 0.585345 0.105833 0.187931
5 0.185417 0.412069 0.0341667 0.0310345
5 0.0579167 0.547414 0.115833 0.15
5 0.104583 0.761207 0.0575 0.153448
5 0.212917 0.348276 0.0675 0.137931
5 0.0404167 0.798276 0.0808333 0.17931
5 0.186018 0.569197 0.11037 0.272878
5 0.0593521 0.343705 0.0770375 0.183962
