2 0.1905 0.690868 0.117 0.136228
2 0.1295 0.657186 0.073 0.167665
2 0.397184 0.694067 0.126369 0.14562
2 0.4835 0.697605 0.071 0.0928144
2 0.3345 0.552395 0.041 0.137725
5 0.2275 0.631737 0.071 0.0808383
2 0.3315 0.663922 0.029 0.0793413
2 0.2335 0.572605 0.049 0.0763473
2 0.251 0.593563 0.028 0.0613772
0 0.73443 0.673698 0.06886 0.10488
0 0.43946 0.414768 0.05492 0.0780389
0 0.829 0.508234 0.084 0.142216
0 0.746 0.446108 0.054 0.0479042
0 0.724 0.423653 0.042 0.0449102
0 0.674 0.431138 0.04 0.0538922
0 0.381617 0.425811 0.059235 0.0731796
0 0.554631 0.456966 0.057261 0.0666272
0 0.588061 0.38055 0.068121 0.0694835
0 0.778068 0.584404 0.028137 0.0280898
0 0.567707 0.422209 0.045414 0.0510045
0 0.496 0.417665 0.032 0.0568862
0 0.5295 0.413922 0.061 0.0404192
0 0.5555 0.371257 0.029 0.0449102
6 0.614814 0.452167 0.067627 0.0480464
0 0.63303 0.404061 0.03406 0.0206976
0 0.632953 0.390824 0.045907 0.102007
0 0.615524 0.460891 0.035048 0.0295674
0 0.675758 0.383543 0.037516 0.0634925
0 0.359238 0.616118 0.040477 0.0436123
