5 0.485 0.850187 0.315 0.183521
5 0.659375 0.707865 0.14125 0.198502
5 0.735625 0.54588 0.20625 0.297753
5 0.575625 0.435393 0.14875 0.226592
5 0.589375 0.29588 0.17375 0.179775
5 0.343125 0.453184 0.12375 0.131086
5 0.23125 0.377341 0.135 0.144195
5 0.350625 0.747191 0.12125 0.17603
5 0.474375 0.636704 0.22375 0.202247
5 0.28375 0.421348 0.0775 0.131086
5 0.328125 0.294944 0.12375 0.0917603
5 0.275625 0.593633 0.08125 0.134831
5 0.325625 0.61985 0.09375 0.116105
5 0.375 0.420412 0.165 0.159176
5 0.361875 0.506554 0.15375 0.110487
5 0.4685 0.38285 0.242 0.526
