5 0.564167 0.652586 0.368333 0.512069
5 0.69375 0.374138 0.0991667 0.189655
5 0.71125 0.553448 0.0541667 0.0724138
5 0.749583 0.608621 0.0675 0.2
5 0.79625 0.758621 0.0575 0.12069
5 0.741667 0.756034 0.0616667 0.101724
5 0.8875 0.193103 0.0816667 0.17931
5 0.817917 0.260345 0.0591667 0.227586
5 0.812083 0.12931 0.0808333 0.0758621
5 0.9325 0.447414 0.085 0.0637931
5 0.763333 0.456897 0.065 0.0965517
5 0.895417 0.585345 0.105833 0.187931
5 0.814583 0.412069 0.0341667 0.0310345
5 0.942083 0.547414 0.115833 0.15
5 0.895417 0.761207 0.0575 0.153448
5 0.787083 0.348276 0.0675 0.137931
5 0.959583 0.798276 0.0808333 0.17931
5 0.813519 0.569198 0.110371 0.272879
5 0.941018 0.343706 0.0770367 0.183964
