5 0.708377 0.591975 0.0890052 0.0975309
5 0.727749 0.333333 0.0586387 0.103704
5 0.582199 0.477778 0.0418848 0.123457
5 0.797731 0.611545 0.0593366 0.151485
5 0.843979 0.500844 0.0691099 0.139959
4 0.195288 0.304321 0.0670157 0.206173
5 0.368848 0.209877 0.0518325 0.120988
5 0.265183 0.324691 0.0528796 0.108642
5 0.255497 0.394444 0.0617801 0.0901235
5 0.313351 0.328395 0.0413613 0.111111
5 0.336649 0.275309 0.052356 0.0839506
5 0.350524 0.346914 0.0455497 0.0814815
5 0.410471 0.250617 0.0492147 0.0864198
0 0.469372 0.331481 0.0570681 0.203704
5 0.409162 0.940741 0.0623037 0.116049
5 0.806021 0.403086 0.0455497 0.132099
5 0.631152 0.425926 0.0403141 0.116049
5 0.329843 0.490123 0.102618 0.120988
5 0.411257 0.47716 0.082199 0.0802469
5 0.413874 0.391358 0.106283 0.103704
5 0.382984 0.0604938 0.0539267 0.0641975
6 0.089267 0.307407 0.0267016 0.0419753
6 0.0410995 0.319753 0.0811518 0.130864
5 0.841623 0.640741 0.0507853 0.0740741
6 0.569895 0.087037 0.111518 0.174074
6 0.774869 0.0648148 0.120419 0.12963
5 0.0913613 0.0382716 0.0853403 0.0666667
5 0.0397906 0.0524691 0.0429319 0.0654321
0 0.884555 0.387654 0.12199 0.498765
