2 0.73375 0.823333 0.13 0.202222
2 0.49875 0.717778 0.0925 0.106667
5 0.858125 0.914444 0.03125 0.0466667
5 0.33875 0.847778 0.0625 0.0733333
6 0.303125 0.32 0.07125 0.0755556
5 0.23875 0.273333 0.05 0.0577778
6 0.17875 0.285556 0.075 0.0955556
2 0.475 0.874444 0.1275 0.122222
2 0.88 0.852222 0.155 0.108889
0 0.611875 0.796667 0.14125 0.1
6 0.59375 0.92 0.055 0.0488889
2 0.60125 0.627778 0.0625 0.06
2 0.555625 0.637778 0.05375 0.0933333
2 0.78875 0.914444 0.075 0.06
2 0.3675 0.27 0.105 0.117778
