5 0.515 0.850187 0.315 0.183521
5 0.340625 0.707865 0.14125 0.198502
5 0.264375 0.54588 0.20625 0.297753
5 0.424375 0.435393 0.14875 0.226592
5 0.410625 0.29588 0.17375 0.179775
5 0.656875 0.453184 0.12375 0.131086
5 0.76875 0.377341 0.135 0.144195
5 0.649375 0.747191 0.12125 0.17603
5 0.525625 0.636704 0.22375 0.202247
5 0.71625 0.421348 0.0775 0.131086
5 0.671875 0.294944 0.12375 0.0917603
5 0.724375 0.593633 0.08125 0.134831
5 0.674375 0.61985 0.09375 0.116105
5 0.625 0.420412 0.165 0.159176
5 0.638125 0.506554 0.15375 0.110487
5 0.53225 0.38285 0.242 0.526
