1 0.56375 0.525833 0.1125 0.105
1 0.478125 0.491667 0.06625 0.04
1 0.419375 0.560833 0.07375 0.0216667
1 0.100625 0.548333 0.14375 0.08
1 0.9425 0.761667 0.0725 0.0633333
1 0.201875 0.728333 0.15625 0.08
6 0.765 0.8875 0.1325 0.095
6 0.35 0.758333 0.0725 0.0766667
0 0.53 0.591667 0.4525 0.406667
0 0.648125 0.803333 0.09375 0.0733333
0 0.306898 0.793242 0.146296 0.0498167
0 0.298125 0.436667 0.15125 0.143333
0 0.19 0.459167 0.1475 0.128333
0 0.04125 0.471667 0.0825 0.106667
1 0.194375 0.620833 0.07125 0.0416667
0 0.27125 0.561667 0.07 0.08
0 0.253125 0.530833 0.07375 0.0783333
1 0.608125 0.83 0.08625 0.0666667
1 0.876875 0.605 0.12625 0.09
