6 0.817546 0.467448 0.208333 0.296875
6 0.540383 0.551517 0.366898 0.242356
6 0.633681 0.933298 0.236111 0.132221
6 0.619864 0.787415 0.32176 0.270143
5 0.0598958 0.30816 0.0924478 0.454861
5 0.129883 0.765697 0.15625 0.222801
5 0.353353 0.735209 0.229167 0.418335
5 0.354655 0.722295 0.14974 0.156829
5 0.498915 0.101273 0.400174 0.202546
5 0.24604 0.0720485 0.106337 0.144097
5 0.372884 0.320746 0.119792 0.16493
5 0.273166 0.387153 0.109809 0.154514
5 0.338759 0.249132 0.0915801 0.097222
5 0.235352 0.225911 0.0664062 0.03125
5 0.253255 0.276042 0.0729165 0.0833333
6 0.201949 0.32376 0.0787036 0.160542
6 0.0694443 0.895399 0.138889 0.0954863
6 0.841363 0.118634 0.292101 0.237268
5 0.685909 0.471037 0.0671299 0.137387
5 0.0989583 0.537688 0.197917 0.188658
5 0.264395 0.690471 0.134259 0.196046
5 0.284324 0.596172 0.101852 0.0725527
5 0.585883 0.244501 0.0868057 0.121815
6 0.915527 0.478371 0.167969 0.262732
5 0.71658 0.66833 0.175347 0.197338
6 0.951769 0.928313 0.0959199 0.141783
6 0.314616 0.975911 0.294271 0.046875
5 0.883735 0.302083 0.141493 0.171875
5 0.87755 0.759271 0.244357 0.401354
5 0.889974 0.667028 0.170573 0.150463
5 0.255697 0.913701 0.154948 0.12037
5 0.577854 0.467014 0.141059 0.0954863
6 0.165943 0.242151 0.136574 0.240812
