4 0.723333 0.862778 0.11 0.0588889
4 0.643333 0.697778 0.0466667 0.0222222
5 0.825833 0.937222 0.268333 0.0566667
1 0.298333 0.950556 0.0966667 0.0788889
6 0.0708333 0.812222 0.141667 0.122222
6 0.8975 0.851667 0.101667 0.0566667
2 0.235 0.557222 0.0733333 0.0411111
2 0.701667 0.698333 0.113333 0.0655556
2 0.536667 0.683889 0.153333 0.0566667
2 0.438333 0.788889 0.0733333 0.0488889
1 0.79 0.837222 0.126667 0.0388889
2 0.593333 0.785556 0.173333 0.104444
0 0.6475 0.562778 0.118333 0.03
0 0.6675 0.534444 0.0816667 0.0244444
0 0.703333 0.516667 0.1 0.0222222
2 0.8975 0.600556 0.121667 0.0566667
2 0.390833 0.562222 0.118333 0.0422222
6 0.265833 0.672222 0.208333 0.0755556
6 0.115833 0.671667 0.0883333 0.0433333
6 0.3425 0.499444 0.0583333 0.0144444
6 0.593333 0.476667 0.15 0.0911111
