5 0.57125 0.295238 0.419167 0.266667
5 0.227083 0.42381 0.235833 0.206349
5 0.452083 0.338095 0.659167 0.342857
2 0.67375 0.50873 0.0925 0.084127
2 0.57 0.6 0.075 0.101587
0 0.72375 0.794444 0.1125 0.115873
2 0.569167 0.680159 0.0816667 0.068254
2 0.455417 0.9 0.204167 0.196825
2 0.91125 0.470635 0.0708333 0.109524
2 0.210833 0.756349 0.165 0.147619
2 0.0895833 0.888889 0.179167 0.177778
2 0.207917 0.538889 0.0591667 0.0460317
2 0.1425 0.553968 0.0783333 0.0507937
2 0.0991667 0.520635 0.0483333 0.0603175
2 0.260833 0.684127 0.055 0.0349206
2 0.38875 0.624603 0.0841667 0.103175
2 0.30875 0.522222 0.0391667 0.0571429
5 0.0616667 0.60873 0.123333 0.052381
5 0.765833 0.433333 0.0233333 0.015873
5 0.832917 0.439683 0.0941667 0.0603175
5 0.790833 0.610317 0.0183333 0.0174603
0 0.859583 0.721429 0.100833 0.106349
0 0.888333 0.701587 0.09 0.0984127
2 0.486667 0.75 0.0766667 0.0587302
2 0.556667 0.700794 0.106667 0.109524
2 0.115833 0.723016 0.045 0.0555556
2 0.1 0.78254 0.06 0.0634921
2 0.0583333 0.669048 0.116667 0.0555556
5 0.0333333 0.505556 0.0183333 0.0619048
2 0.0716667 0.445238 0.04 0.0587302
2 0.124583 0.414286 0.0325 0.0571429
0 0.3325 0.556349 0.055 0.0492063
0 0.250833 0.580159 0.0783333 0.0555556
6 0.704167 0.698413 0.0716667 0.0761905
2 0.575417 0.965079 0.0658333 0.0666667
2 0.911667 0.573016 0.0783333 0.0888889
2 0.766667 0.413492 0.0166667 0.0206349
2 0.802083 0.407143 0.0458333 0.0619048
2 0.955833 0.416667 0.045 0.0619048
2 0.673333 0.605556 0.04 0.115873
2 0.635 0.676984 0.0466667 0.0746032
2 0.75125 0.68254 0.0458333 0.101587
2 0.743333 0.642063 0.095 0.068254
2 0.97375 0.725397 0.0508333 0.0920635
2 0.945417 0.688095 0.0558333 0.0777778
2 0.891667 0.844444 0.0666667 0.101587
2 0.964167 0.918254 0.07 0.122222
2 0.8975 0.95 0.131667 0.0968254
6 0.79875 0.934921 0.0408333 0.0761905
6 0.76625 0.883333 0.0808333 0.0746032
6 0.8325 0.784921 0.03 0.0809524
6 0.4775 0.794444 0.0966667 0.0460317
0 0.297917 0.646032 0.0408333 0.0285714
5 0.28375 0.430159 0.369167 0.212698
0 0.85625 0.534921 0.0958333 0.0730159
2 0.722917 0.585714 0.0591667 0.0634921
2 0.384583 0.822222 0.120833 0.0698413
2 0.315417 0.820635 0.0675 0.0507937
2 0.283333 0.899206 0.401667 0.198413
2 0.153333 0.984921 0.025 0.0269841
2 0.18125 0.971429 0.0308333 0.0539683
2 0.296667 0.97381 0.126667 0.0492063
0 0.07 0.492063 0.0333333 0.0285714
2 0.15875 0.677778 0.0575 0.0603175
0 0.371667 0.712698 0.0383333 0.0539683
2 0.585 0.479365 0.0233333 0.0634921
2 0.615417 0.496825 0.0475 0.0984127
2 0.494583 0.611111 0.0391667 0.0666667
3 0.627917 0.642857 0.0508333 0.0666667
2 0.963333 0.488095 0.04 0.084127
2 0.92875 0.621429 0.0791667 0.0714286
5 0.770417 0.519048 0.0308333 0.0253968
2 0.675833 0.938889 0.126667 0.119048
2 0.731667 0.943651 0.0583333 0.109524
2 0.8125 0.980159 0.04 0.0365079
2 0.759583 0.946825 0.0425 0.0809524
0 0.757917 0.45 0.0308333 0.0238095
0 0.852083 0.515873 0.0358333 0.0444444
2 0.707917 0.41746 0.0841667 0.0761905
2 0.0629167 0.693651 0.0575 0.0412698
2 0.670833 0.86746 0.136667 0.125397
