0 0.05125 0.479375 0.1025 0.16625
0 0.2 0.88875 0.328333 0.22
6 0.475417 0.724375 0.0608333 0.06625
6 0.305417 0.645 0.1425 0.275
0 0.5125 0.698125 0.0733333 0.16625
0 0.11875 0.260625 0.109167 0.06125
1 0.285833 0.409375 0.148333 0.15125
0 0.375833 0.415625 0.0733333 0.07125
0 0.735 0.57625 0.0783333 0.055
6 0.377917 0.86 0.1275 0.115
6 0.21625 0.799375 0.0991667 0.11625
5 0.179583 0.698125 0.110833 0.11125
1 0.01625 0.691875 0.0258333 0.10625
1 0.0520833 0.708125 0.0358333 0.19875
6 0.15 0.348125 0.0733333 0.08125
2 0.52125 0.534375 0.0658333 0.08875
0 0.484583 0.50125 0.0425 0.105
6 0.450417 0.33375 0.0641667 0.0975
6 0.354167 0.320625 0.0533333 0.06375
0 0.591667 0.4425 0.0416667 0.105
0 0.663333 0.695625 0.065 0.03125
0 0.524167 0.850625 0.0583333 0.06375
3 0.34125 0.7775 0.0691667 0.0325
6 0.132917 0.5625 0.0408333 0.0575
4 0.0666667 0.313125 0.133333 0.09625
4 0.1325 0.32875 0.265 0.1275
4 0.18375 0.41875 0.149167 0.1125
4 0.414583 0.514375 0.124167 0.13375
4 0.164583 0.5725 0.0775 0.1075
0 0.0945833 0.760625 0.0708333 0.13375
1 0.51375 0.885 0.0841667 0.065
