0 0.300781 0.85166 0.127604 0.180498
0 0.26237 0.636929 0.0820312 0.103734
0 0.185547 0.563278 0.0846354 0.093361
0 0.625 0.633817 0.09375 0.122407
0 0.781901 0.630705 0.105469 0.261411
0 0.785807 0.448133 0.0638021 0.112033
0 0.809896 0.461618 0.0416667 0.109959
0 0.589193 0.378631 0.0638021 0.060166
0 0.640625 0.48444 0.0520833 0.0477178
0 0.34375 0.568465 0.0364583 0.0746888
0 0.352214 0.501037 0.0481771 0.0352697
0 0.447266 0.721992 0.0872396 0.149378
0 0.875 0.315353 0.0807292 0.107884
0 0.772786 0.261411 0.0143229 0.0414938
0 0.847656 0.268672 0.0598958 0.0767635
0 0.65625 0.565353 0.0729167 0.109959
0 0.343099 0.688797 0.0898438 0.0746888
0 0.599609 0.424274 0.0872396 0.093361
0 0.814453 0.799793 0.0664062 0.0477178
2 0.897135 0.810166 0.117188 0.180498
2 0.805339 0.845436 0.0950521 0.0809129
2 0.479818 0.862033 0.0872396 0.213693
2 0.063151 0.887967 0.126302 0.195021
2 0.116536 0.738589 0.152344 0.26556
2 0.192708 0.887967 0.135417 0.161826
2 0.202474 0.685685 0.134115 0.238589
2 0.120443 0.63278 0.0195312 0.0539419
2 0.0598958 0.689834 0.0625 0.192946
2 0.292969 0.59751 0.148438 0.141079
2 0.471354 0.604772 0.179688 0.176349
2 0.550781 0.478216 0.119792 0.122407
2 0.406901 0.487552 0.123698 0.0788382
2 0.773438 0.71888 0.153646 0.172199
2 0.697917 0.762448 0.078125 0.122407
2 0.677734 0.877593 0.0898438 0.107884
2 0.595052 0.801867 0.0651042 0.0477178
2 0.586589 0.762448 0.0690104 0.0394191
2 0.541016 0.803942 0.0403646 0.0643154
2 0.541016 0.899378 0.0507812 0.0850622
2 0.595052 0.885892 0.0833333 0.103734
2 0.814453 0.341286 0.0872396 0.118257
2 0.763021 0.317427 0.0390625 0.0705394
2 0.555339 0.627593 0.0455729 0.126556
2 0.686198 0.341286 0.0989583 0.0726141
2 0.261068 0.510373 0.0507812 0.0497925
0 0.661458 0.906639 0.0416667 0.0622407
0 0.902995 0.376556 0.0690104 0.0809129
2 0.866536 0.406639 0.0403646 0.0373444
2 0.705729 0.469917 0.114583 0.201245
2 0.279948 0.717842 0.0390625 0.0995851
2 0.382812 0.55083 0.0963542 0.0767635
2 0.366536 0.61722 0.0507812 0.0643154
6 0.88737 0.900415 0.0481771 0.0248963
2 0.369141 0.768672 0.128906 0.105809
