2 0.25 0.401042 0.147222 0.0625
2 0.140278 0.330208 0.152778 0.0541667
6 0.0430556 0.423438 0.0861111 0.0927083
2 0.620833 0.352604 0.075 0.0510417
6 0.355556 0.35 0.133333 0.0708333
5 0.168056 0.291146 0.208333 0.046875
2 0.120139 0.185417 0.0958333 0.05
2 0.454861 0.184375 0.0847222 0.0541667
2 0.625 0.198958 0.0916667 0.0416667
2 0.692361 0.247396 0.134722 0.0614583
2 0.208333 0.169792 0.0916667 0.0541667
2 0.233333 0.208333 0.111111 0.0583333
2 0.261111 0.259375 0.186111 0.0541667
2 0.820833 0.408854 0.166667 0.0739583
2 0.78125 0.342187 0.115278 0.0447917
2 0.719444 0.300521 0.0555556 0.0322917
2 0.547917 0.317188 0.0597222 0.0552083
2 0.407639 0.259375 0.134722 0.0520833
2 0.457639 0.232292 0.101389 0.0604167
2 0.313194 0.200521 0.0902778 0.034375
2 0.0854167 0.367188 0.101389 0.0447917
6 0.0375 0.283333 0.075 0.04375
6 0.128472 0.0791667 0.0347222 0.01875
6 0.695139 0.367708 0.0819444 0.0395833
2 0.540278 0.225 0.0444444 0.0208333
