2 0.75 0.401042 0.147222 0.0625
2 0.859722 0.330208 0.152778 0.0541667
6 0.956944 0.423438 0.0861111 0.0927083
2 0.379167 0.352604 0.075 0.0510417
6 0.644444 0.35 0.133333 0.0708333
5 0.831944 0.291146 0.208333 0.046875
2 0.879861 0.185417 0.0958333 0.05
2 0.545139 0.184375 0.0847222 0.0541667
2 0.375 0.198958 0.0916667 0.0416667
2 0.307639 0.247396 0.134722 0.0614583
2 0.791667 0.169792 0.0916667 0.0541667
2 0.766667 0.208333 0.111111 0.0583333
2 0.738889 0.259375 0.186111 0.0541667
2 0.179167 0.408854 0.166667 0.0739583
2 0.21875 0.342187 0.115278 0.0447917
2 0.280556 0.300521 0.0555556 0.0322917
2 0.452083 0.317188 0.0597222 0.0552083
2 0.592361 0.259375 0.134722 0.0520833
2 0.542361 0.232292 0.101389 0.0604167
2 0.686806 0.200521 0.0902778 0.034375
2 0.914583 0.367188 0.101389 0.0447917
6 0.9625 0.283333 0.075 0.04375
6 0.871528 0.0791667 0.0347222 0.01875
6 0.304861 0.367708 0.0819444 0.0395833
2 0.459722 0.225 0.0444444 0.0208333
