0 0.579427 0.77832 0.15625 0.130859
2 0.391927 0.844727 0.0755208 0.0800781
2 0.283854 0.78125 0.104167 0.101562
6 0.576172 0.960938 0.115885 0.0742188
0 0.858073 0.893555 0.0911458 0.103516
0 0.783203 0.879883 0.0690104 0.0800781
1 0.73763 0.849609 0.121094 0.117188
1 0.473958 0.799805 0.0572917 0.0839844
0 0.809245 0.972656 0.14974 0.0507812
0 0.582031 0.916992 0.127604 0.0761719
0 0.0436198 0.916016 0.0872396 0.0664062
0 0.169922 0.90918 0.0611979 0.0761719
2 0.169922 0.90918 0.0611979 0.0761719
5 0.916667 0.889648 0.0286458 0.0683594
6 0.51888 0.875 0.0143229 0.0273438
6 0.485026 0.874023 0.0273438 0.0214844
2 0.380859 0.777344 0.136719 0.09375
2 0.0325521 0.537109 0.0286458 0.0351562
2 0.701172 0.96875 0.0846354 0.0585938
6 0.782552 0.947266 0.0885417 0.0664062
2 0.639323 0.861328 0.0625 0.0546875
2 0.573568 0.851562 0.0768229 0.0546875
2 0.46224 0.84375 0.0520833 0.0664062
6 0.46224 0.844727 0.0494792 0.0644531
5 0.588542 0.696289 0.0911458 0.0761719
4 0.163411 0.639648 0.0247396 0.0332031
6 0.125 0.638672 0.0260417 0.0195312
6 0.66276 0.956055 0.0494792 0.0566406
6 0.677734 0.820312 0.0481771 0.0429688
