0 0.822917 0.664062 0.184722 0.103125
6 0.3 0.6 0.272222 0.0875
6 0.842361 0.394271 0.115278 0.0927083
2 0.529167 0.289062 0.113889 0.0489583
2 0.681944 0.354167 0.105556 0.0541667
2 0.847917 0.319792 0.120833 0.0895833
2 0.597222 0.442708 0.122222 0.08125
2 0.838889 0.482292 0.166667 0.0916667
2 0.457639 0.541146 0.168056 0.0822917
0 0.899306 0.975 0.0930556 0.0479167
2 0.596528 0.188542 0.0708333 0.0416667
6 0.148611 0.418229 0.0972222 0.0885417
0 0.254861 0.510417 0.134722 0.122917
6 0.447222 0.473438 0.186111 0.0572917
6 0.497917 0.342708 0.0458333 0.04375
5 0.809722 0.579688 0.138889 0.0864583
4 0.874306 0.264062 0.0347222 0.021875
6 0.389583 0.311458 0.0402778 0.0333333
6 0.40625 0.359375 0.0458333 0.03125
6 0.190278 0.354687 0.0472222 0.021875
6 0.190278 0.221875 0.0666667 0.0604167
6 0.0395833 0.329167 0.0708333 0.0333333
6 0.198611 0.309375 0.0888889 0.0625
2 0.0277778 0.444271 0.0527778 0.053125
2 0.550694 0.713021 0.134722 0.090625
2 0.670139 0.418229 0.0875 0.059375
6 0.0347222 0.644271 0.0666667 0.046875
6 0.386111 0.648958 0.0472222 0.0458333
0 0.843056 0.925521 0.158333 0.0635417
0 0.0423611 0.679167 0.0513889 0.03125
2 0.6125 0.5875 0.219444 0.195833
2 0.701389 0.522917 0.15 0.0916667
2 0.925694 0.402604 0.0486111 0.0427083
6 0.597222 0.235937 0.0666667 0.0364583
6 0.727778 0.2875 0.0583333 0.0229167
6 0.245139 0.420312 0.0708333 0.0302083
6 0.574306 0.329688 0.120833 0.065625
6 0.310417 0.365104 0.0930556 0.0614583
6 0.422917 0.19375 0.0763889 0.0395833
