2 0.5575 0.65625 0.131667 0.1775
2 0.491667 0.7375 0.146667 0.145
0 0.785 0.80625 0.236667 0.2575
0 0.7825 0.6625 0.0983333 0.165
6 0.624167 0.94875 0.0383333 0.0625
0 0.454167 0.89875 0.131667 0.1875
0 0.5975 0.87625 0.0983333 0.1225
0 0.751667 0.9425 0.07 0.08
0 0.951667 0.96 0.0933333 0.065
4 0.288333 0.9125 0.0366667 0.07
5 0.179167 0.775 0.0416667 0.035
5 0.2175 0.76375 0.025 0.0325
5 0.110833 0.9325 0.0183333 0.045
5 0.16 0.92125 0.0266667 0.0475
5 0.0566667 0.895 0.0266667 0.025
0 0.149167 0.69125 0.155 0.1475
0 0.856667 0.7 0.0733333 0.065
0 0.505 0.83625 0.0533333 0.0475
0 0.478333 0.98 0.116667 0.035
0 0.48 0.90125 0.186667 0.1925
0 0.589167 0.98625 0.0283333 0.0225
0 0.699167 0.22125 0.145 0.1625
0 0.253333 0.13625 0.1 0.0825
0 0.299167 0.07125 0.188333 0.1425
2 0.421667 0.1325 0.11 0.18
2 0.7025 0.12375 0.125 0.1075
1 0.299167 0.24375 0.0716667 0.1825
0 0.295 0.7875 0.12 0.175
2 0.2225 0.91625 0.0983333 0.1375
6 0.250833 0.6675 0.105 0.055
2 0.141667 0.8225 0.0866667 0.075
6 0.139167 0.95125 0.0483333 0.0925
0 0.356667 0.95 0.103333 0.095
2 0.623333 0.9375 0.14 0.12
6 0.91 0.79375 0.06 0.0675
6 0.515833 0.22875 0.035 0.0625
1 0.605 0.2025 0.14 0.165
2 0.4625 0.59875 0.0616667 0.0725
2 0.37 0.57125 0.0333333 0.0375
2 0.251667 0.50375 0.0933333 0.0675
0 0.563333 0.84 0.12 0.145
6 0.345833 0.85 0.0316667 0.065
6 0.1525 0.88375 0.0516667 0.0525
1 0.1375 0.65625 0.191667 0.1775
