2 0.4425 0.65625 0.131667 0.1775
2 0.508333 0.7375 0.146667 0.145
0 0.215 0.80625 0.236667 0.2575
0 0.2175 0.6625 0.0983333 0.165
6 0.375833 0.94875 0.0383333 0.0625
0 0.545833 0.89875 0.131667 0.1875
0 0.4025 0.87625 0.0983333 0.1225
0 0.248333 0.9425 0.07 0.08
0 0.0483333 0.96 0.0933333 0.065
4 0.711667 0.9125 0.0366667 0.07
5 0.820833 0.775 0.0416667 0.035
5 0.7825 0.76375 0.025 0.0325
5 0.889167 0.9325 0.0183333 0.045
5 0.84 0.92125 0.0266667 0.0475
5 0.943333 0.895 0.0266667 0.025
0 0.850833 0.69125 0.155 0.1475
0 0.143333 0.7 0.0733333 0.065
0 0.495 0.83625 0.0533333 0.0475
0 0.521667 0.98 0.116667 0.035
0 0.52 0.90125 0.186667 0.1925
0 0.410833 0.98625 0.0283333 0.0225
0 0.300833 0.22125 0.145 0.1625
0 0.746667 0.13625 0.1 0.0825
0 0.700833 0.07125 0.188333 0.1425
2 0.578333 0.1325 0.11 0.18
2 0.2975 0.12375 0.125 0.1075
1 0.700833 0.24375 0.0716667 0.1825
0 0.705 0.7875 0.12 0.175
2 0.7775 0.91625 0.0983333 0.1375
6 0.749167 0.6675 0.105 0.055
2 0.858333 0.8225 0.0866667 0.075
6 0.860833 0.95125 0.0483333 0.0925
0 0.643333 0.95 0.103333 0.095
2 0.376667 0.9375 0.14 0.12
6 0.09 0.79375 0.06 0.0675
6 0.484167 0.22875 0.035 0.0625
1 0.395 0.2025 0.14 0.165
2 0.5375 0.59875 0.0616667 0.0725
2 0.63 0.57125 0.0333333 0.0375
2 0.748333 0.50375 0.0933333 0.0675
0 0.436667 0.84 0.12 0.145
6 0.654167 0.85 0.0316667 0.065
6 0.8475 0.88375 0.0516667 0.0525
1 0.8625 0.65625 0.191667 0.1775
