6 0.27688 0.450459 0.293017 0.272347
1 0.839898 0.836793 0.319444 0.3256
1 0.539436 0.711573 0.158951 0.152815
1 0.563205 0.540795 0.309028 0.212725
1 0.821488 0.575092 0.311921 0.210989
1 0.619364 0.873441 0.542438 0.252377
1 0.352099 0.585773 0.101659 0.166418
1 0.481132 0.459911 0.0814043 0.0729348
1 0.376965 0.621309 0.107446 0.177416
0 0.420175 0.495347 0.115741 0.0998505
1 0.280617 0.697137 0.0856479 0.141527
6 0.175215 0.702908 0.106289 0.249771
6 0.081115 0.81268 0.16223 0.198254
1 0.911494 0.526143 0.176504 0.259612
1 0.931803 0.380827 0.000324219 0.00121538
1 0.907733 0.370967 0.184606 0.144133
