6 0.72268 0.450459 0.293017 0.272347
1 0.159722 0.836793 0.319444 0.3256
1 0.460335 0.711573 0.158951 0.152815
1 0.43674 0.540795 0.309028 0.212725
1 0.178422 0.575092 0.311921 0.210989
1 0.380594 0.873441 0.542438 0.252377
1 0.647998 0.585773 0.101659 0.166418
1 0.519218 0.459911 0.0814043 0.0729348
1 0.623059 0.621309 0.107446 0.177416
0 0.579843 0.495347 0.115741 0.0998505
1 0.719094 0.697137 0.0856479 0.141527
6 0.824629 0.702908 0.106289 0.249771
6 0.919006 0.81268 0.16223 0.198254
1 0.0882522 0.526143 0.176504 0.259612
1 0.0680332 0.380827 0.000324219 0.00121538
1 0.0923032 0.370967 0.184606 0.144133
