2 0.477539 0.75549 0.119141 0.161054
4 0.448242 0.664714 0.0605469 0.0409956
0 0.69873 0.860908 0.135742 0.272328
4 0.668457 0.904832 0.0478516 0.108346
0 0.473145 0.931918 0.0830078 0.0922401
4 0.364746 0.945827 0.0400391 0.0819912
6 0.30957 0.918009 0.0488281 0.0995608
2 0.853516 0.729868 0.238281 0.197657
2 0.80957 0.759883 0.0703125 0.146413
2 0.71582 0.713763 0.119141 0.0863836
6 0.819824 0.875549 0.118164 0.090776
6 0.929688 0.872621 0.111328 0.108346
2 0.813477 0.472914 0.125 0.0644217
0 0.813965 0.473646 0.125977 0.0629575
4 0.778809 0.612738 0.0537109 0.045388
0 0.666016 0.60981 0.0761719 0.15959
0 0.672363 0.491215 0.0810547 0.0805271
0 0.578125 0.520498 0.0800781 0.0600293
4 0.470215 0.576867 0.0419922 0.0527086
4 0.542969 0.721816 0.0332031 0.0673499
4 0.30957 0.707174 0.0292969 0.0409956
6 0.231934 0.691801 0.0595703 0.0541728
4 0.28125 0.721816 0.0332031 0.0527086
6 0.133789 0.782577 0.0273438 0.0424597
0 0.369141 0.547584 0.0703125 0.0761347
0 0.572266 0.949488 0.0996094 0.0980966
4 0.68457 0.35798 0.03125 0.0307467
6 0.499023 0.582723 0.03125 0.0732064
0 0.384277 0.778917 0.120117 0.108346
2 0.195801 0.808931 0.0908203 0.112738
2 0.23291 0.581259 0.0888672 0.163982
2 0.291016 0.633236 0.0820312 0.121523
2 0.310547 0.540264 0.0507812 0.079063
2 0.875977 0.614202 0.0820312 0.0541728
2 0.873535 0.445095 0.0478516 0.0322108
0 0.379395 0.699854 0.114258 0.111274
6 0.0693359 0.650073 0.0546875 0.0614934
4 0.0268555 0.82284 0.0244141 0.0644217
4 0.0507812 0.824305 0.0449219 0.0497804
4 0.0317383 0.780381 0.0244141 0.0322108
4 0.0537109 0.556369 0.0214844 0.0322108
4 0.0610352 0.583455 0.0224609 0.0278184
4 0.0869141 0.559297 0.0195312 0.0292826
4 0.153809 0.930454 0.0556641 0.0863836
6 0.739258 0.95388 0.0605469 0.033675
0 0.758789 0.907028 0.0566406 0.0629575
0 0.172852 0.623719 0.0683594 0.0732064
0 0.635254 0.325037 0.100586 0.122987
2 0.783203 0.4041 0.0683594 0.0702782
4 0.498535 0.859444 0.0419922 0.0439239
6 0.418945 0.871157 0.0546875 0.0644217
2 0.0283203 0.616398 0.0566406 0.0937042
0 0.571289 0.650805 0.0390625 0.0717423
4 0.780762 0.516837 0.0400391 0.0380673
4 0.84375 0.557101 0.0195312 0.0307467
0 0.621094 0.402635 0.0742188 0.0878477
4 0.53418 0.366032 0.0410156 0.0380673
0 0.480469 0.461933 0.0722656 0.14202
0 0.196289 0.489019 0.0644531 0.0527086
2 0.503906 0.63836 0.0585938 0.079063
0 0.617188 0.918741 0.0800781 0.15959
2 0.747559 0.527818 0.0849609 0.0775988
4 0.0405273 0.704978 0.0810547 0.0541728
3 0.135742 0.531479 0.0195312 0.0439239
2 0.09375 0.719619 0.0429688 0.0775988
6 0.535156 0.587116 0.0175781 0.0322108
4 0.348145 0.622255 0.0341797 0.0351391
4 0.373047 0.629575 0.0273438 0.0380673
4 0.992676 0.846266 0.0126953 0.0732064
4 0.808594 0.516837 0.0136719 0.0204978
0 0.566895 0.462665 0.0986328 0.0263543
0 0.347656 0.459004 0.0410156 0.0746706
2 0.5625 0.826501 0.0957031 0.150805
6 0.408691 0.513909 0.0439453 0.0439239
0 0.879883 0.546852 0.0761719 0.106881
6 0.0795898 0.810395 0.0224609 0.045388
0 0.620117 0.569546 0.0546875 0.111274
4 0.518555 0.524158 0.03125 0.0468521
4 0.358887 0.827233 0.0654297 0.0556369
4 0.258789 0.811127 0.0253906 0.0292826
0 0.97168 0.795022 0.0546875 0.0527086
0 0.606445 0.737921 0.0976562 0.152269
6 0.930176 0.676428 0.0576172 0.0673499
3 0.446289 0.534407 0.0449219 0.0322108
6 0.478027 0.772328 0.0673828 0.10981
