5 0.75875 0.252778 0.0575 0.0611111
5 0.830833 0.336806 0.07 0.0763889
5 0.81625 0.38125 0.0508333 0.0236111
5 0.528333 0.236806 0.015 0.0680556
5 0.51875 0.299306 0.0475 0.0180556
5 0.02875 0.718056 0.0575 0.0861111
5 0.11125 0.777083 0.100833 0.145833
5 0.173333 0.838194 0.04 0.181944
5 0.15125 0.761806 0.0191667 0.0819444
5 0.22875 0.902778 0.0125 0.025
5 0.211667 0.847917 0.0383333 0.0819444
5 0.2661 0.870951 0.000533333 0.000236111
5 0.244583 0.849306 0.0575 0.115278
5 0.235 0.954167 0.06 0.0888889
5 0.140417 0.923611 0.0591667 0.15
5 0.14625 0.889583 0.0391667 0.0458333
5 0.09375 0.954861 0.0475 0.0875
5 0.0383333 0.51875 0.01 0.0763889
5 0.0975 0.447917 0.0566667 0.0263889
3 0.8875 0.975694 0.0816667 0.0458333
5 0.25 0.611806 0.0966667 0.148611
5 0.34125 0.63125 0.0708333 0.0958333
5 0.860417 0.608333 0.2025 0.2
5 0.655417 0.390972 0.0375 0.0652778
5 0.696667 0.409722 0.0466667 0.0777778
1 0.660417 0.220833 0.0425 0.0361111
5 0.442083 0.33125 0.0708333 0.0486111
5 0.255833 0.463194 0.0366667 0.0458333
5 0.37125 0.659028 0.0125 0.0375
