5 0.24125 0.252778 0.0575 0.0611111
5 0.169167 0.336806 0.07 0.0763889
5 0.18375 0.38125 0.0508333 0.0236111
5 0.471667 0.236806 0.015 0.0680556
5 0.48125 0.299306 0.0475 0.0180556
5 0.97125 0.718056 0.0575 0.0861111
5 0.88875 0.777083 0.100833 0.145833
5 0.826667 0.838194 0.04 0.181944
5 0.84875 0.761806 0.0191667 0.0819444
5 0.77125 0.902778 0.0125 0.025
5 0.788333 0.847917 0.0383333 0.0819444
5 0.7336 0.870951 0.000533333 0.000236111
5 0.755417 0.849306 0.0575 0.115278
5 0.765 0.954167 0.06 0.0888889
5 0.859583 0.923611 0.0591667 0.15
5 0.85375 0.889583 0.0391667 0.0458333
5 0.90625 0.954861 0.0475 0.0875
5 0.961667 0.51875 0.01 0.0763889
5 0.9025 0.447917 0.0566667 0.0263889
3 0.1125 0.975694 0.0816667 0.0458333
5 0.75 0.611806 0.0966667 0.148611
5 0.65875 0.63125 0.0708333 0.0958333
5 0.139583 0.608333 0.2025 0.2
5 0.344583 0.390972 0.0375 0.0652778
5 0.303333 0.409722 0.0466667 0.0777778
1 0.339583 0.220833 0.0425 0.0361111
5 0.557917 0.33125 0.0708333 0.0486111
5 0.744167 0.463194 0.0366667 0.0458333
5 0.62875 0.659028 0.0125 0.0375
