2 0.273125 0.574338 0.12125 0.187373
2 0.250625 0.486762 0.04375 0.0773931
2 0.36875 0.889002 0.0825 0.0875764
2 0.06625 0.882892 0.1075 0.181263
2 0.07875 0.809572 0.0525 0.0712831
2 0.106875 0.744399 0.04625 0.0712831
0 0.176875 0.726069 0.12875 0.11609
0 0.3925 0.847251 0.1825 0.10998
0 0.274375 0.985743 0.04875 0.0244399
0 0.45125 0.525458 0.0675 0.0448065
2 0.3075 0.434827 0.045 0.0753564
2 0.703125 0.681263 0.06125 0.0794297
2 0.59 0.808554 0.0575 0.0651731
2 0.4975 0.824847 0.0525 0.0814664
2 0.465 0.808554 0.0525 0.0529532
2 0.629375 0.943992 0.12875 0.107943
2 0.516875 0.958248 0.11625 0.0794297
2 0.798125 0.873727 0.11875 0.0936864
2 0.721875 0.903259 0.07625 0.0590631
0 0.85 0.953157 0.0775 0.089613
0 0.9725 0.842159 0.0525 0.156823
6 0.101875 0.618126 0.05625 0.0305499
5 0.0925 0.934827 0.05 0.0855397
6 0.283125 0.728106 0.10375 0.0672098
2 0.335 0.698574 0.08 0.0529532
6 0.513125 0.709776 0.05375 0.095723
2 0.63375 0.626273 0.0575 0.0509165
5 0.935625 0.815682 0.07375 0.132383
5 0.71625 0.461303 0.085 0.0224033
6 0.895625 0.458248 0.06875 0.089613
2 0.9225 0.368635 0.0825 0.0773931
2 0.720625 0.361507 0.05625 0.0509165
2 0.83875 0.393075 0.05 0.0570265
2 0.750625 0.434827 0.03125 0.0346232
2 0.56625 0.87169 0.05 0.0733198
2 0.69 0.847251 0.1125 0.138493
2 0.61125 0.873727 0.0575 0.0733198
2 0.7675 0.718941 0.0425 0.0651731
2 0.57375 0.706721 0.0625 0.0977597
0 0.141875 0.906314 0.04875 0.0692464
1 0.7425 0.955193 0.1 0.0855397
5 0.831875 0.336049 0.05375 0.0610998
2 0.7025 0.328921 0.0425 0.0712831
2 0.745 0.334012 0.05 0.0448065
2 0.97125 0.429735 0.0275 0.0488798
2 0.628125 0.667006 0.05875 0.0549898
2 0.431875 0.738289 0.04625 0.0753564
2 0.3375 0.456212 0.0175 0.0448065
2 0.326875 0.492872 0.03625 0.0448065
0 0.941875 0.943992 0.09125 0.10387
0 0.09 0.982688 0.04 0.0305499
0 0.07125 0.933809 0.05 0.0712831
2 0.119375 0.352342 0.02375 0.0162933
2 0.59 0.572301 0.045 0.0366599
2 0.435 0.577393 0.0275 0.0386965
2 0.473125 0.564155 0.02625 0.0488798
2 0.339375 0.537678 0.05375 0.0529532
2 0.385 0.746436 0.045 0.0590631
2 0.1 0.709776 0.0325 0.0427699
2 0.02875 0.781059 0.0575 0.0427699
5 0.22625 0.876782 0.0175 0.0183299
5 0.234375 0.824847 0.04875 0.0773931
