2 0.726875 0.574338 0.12125 0.187373
2 0.749375 0.486762 0.04375 0.0773931
2 0.63125 0.889002 0.0825 0.0875764
2 0.93375 0.882892 0.1075 0.181263
2 0.92125 0.809572 0.0525 0.0712831
2 0.893125 0.744399 0.04625 0.0712831
0 0.823125 0.726069 0.12875 0.11609
0 0.6075 0.847251 0.1825 0.10998
0 0.725625 0.985743 0.04875 0.0244399
0 0.54875 0.525458 0.0675 0.0448065
2 0.6925 0.434827 0.045 0.0753564
2 0.296875 0.681263 0.06125 0.0794297
2 0.41 0.808554 0.0575 0.0651731
2 0.5025 0.824847 0.0525 0.0814664
2 0.535 0.808554 0.0525 0.0529532
2 0.370625 0.943992 0.12875 0.107943
2 0.483125 0.958248 0.11625 0.0794297
2 0.201875 0.873727 0.11875 0.0936864
2 0.278125 0.903259 0.07625 0.0590631
0 0.15 0.953157 0.0775 0.089613
0 0.0275 0.842159 0.0525 0.156823
6 0.898125 0.618126 0.05625 0.0305499
5 0.9075 0.934827 0.05 0.0855397
6 0.716875 0.728106 0.10375 0.0672098
2 0.665 0.698574 0.08 0.0529532
6 0.486875 0.709776 0.05375 0.095723
2 0.36625 0.626273 0.0575 0.0509165
5 0.064375 0.815682 0.07375 0.132383
5 0.28375 0.461303 0.085 0.0224033
6 0.104375 0.458248 0.06875 0.089613
2 0.0775 0.368635 0.0825 0.0773931
2 0.279375 0.361507 0.05625 0.0509165
2 0.16125 0.393075 0.05 0.0570265
2 0.249375 0.434827 0.03125 0.0346232
2 0.43375 0.87169 0.05 0.0733198
2 0.31 0.847251 0.1125 0.138493
2 0.38875 0.873727 0.0575 0.0733198
2 0.2325 0.718941 0.0425 0.0651731
2 0.42625 0.706721 0.0625 0.0977597
0 0.858125 0.906314 0.04875 0.0692464
1 0.2575 0.955193 0.1 0.0855397
5 0.168125 0.336049 0.05375 0.0610998
2 0.2975 0.328921 0.0425 0.0712831
2 0.255 0.334012 0.05 0.0448065
2 0.02875 0.429735 0.0275 0.0488798
2 0.371875 0.667006 0.05875 0.0549898
2 0.568125 0.738289 0.04625 0.0753564
2 0.6625 0.456212 0.0175 0.0448065
2 0.673125 0.492872 0.03625 0.0448065
0 0.058125 0.943992 0.09125 0.10387
0 0.91 0.982688 0.04 0.0305499
0 0.92875 0.933809 0.05 0.0712831
2 0.880625 0.352342 0.02375 0.0162933
2 0.41 0.572301 0.045 0.0366599
2 0.565 0.577393 0.0275 0.0386965
2 0.526875 0.564155 0.02625 0.0488798
2 0.660625 0.537678 0.05375 0.0529532
2 0.615 0.746436 0.045 0.0590631
2 0.9 0.709776 0.0325 0.0427699
2 0.97125 0.781059 0.0575 0.0427699
5 0.77375 0.876782 0.0175 0.0183299
5 0.765625 0.824847 0.04875 0.0773931
