6 0.198701 0.785625 0.12987 0.25125
6 0.366883 0.87375 0.187013 0.25
6 0.57987 0.689375 0.311688 0.19875
6 0.378247 0.616875 0.12013 0.14375
6 0.392208 0.678125 0.0753247 0.15625
6 0.441883 0.47 0.127922 0.1525
6 0.800974 0.429375 0.272078 0.25125
6 0.878247 0.573125 0.224026 0.16875
6 0.824026 0.625625 0.103896 0.06625
6 0.830195 0.718125 0.218831 0.22125
6 0.65487 0.773125 0.140909 0.09375
6 0.910714 0.7975 0.134416 0.1325
6 0.178571 0.65 0.212987 0.265
6 0.117857 0.5325 0.0707792 0.035
6 0.259416 0.535 0.201948 0.08
6 0.146429 0.44125 0.0863636 0.0925
6 0.0659091 0.485625 0.0824675 0.09625
6 0.025 0.770625 0.05 0.14625
6 0.648052 0.53625 0.185714 0.125
6 0.556818 0.561875 0.0902597 0.10875
6 0.755844 0.635625 0.0441558 0.04625
6 0.787987 0.87125 0.118831 0.14
6 0.98539 0.891875 0.0279221 0.10875
6 0.0152597 0.529375 0.0305195 0.06375
5 0.268182 0.8525 0.0285714 0.2925
5 0.0850649 0.9275 0.17013 0.135
5 0.279221 0.473125 0.162338 0.04875
5 0.361688 0.44375 0.0714286 0.15
5 0.633766 0.828125 0.287013 0.09375
5 0.188312 0.91625 0.112987 0.0375
5 0.926948 0.88875 0.144805 0.1275
5 0.871104 0.7725 0.10974 0.0525
5 0.119156 0.94125 0.111039 0.055
5 0.050974 0.60375 0.05 0.0225
5 0.487662 0.53375 0.0311688 0.025
5 0.986039 0.763125 0.0266234 0.02375
5 0.317208 0.693125 0.00974026 0.08625
5 0.296429 0.719375 0.0214286 0.04375
