6 0.8425 0.424 0.1375 0.12
6 0.848125 0.897 0.02375 0.05
6 0.871875 0.752 0.06375 0.324
6 0.810625 0.764 0.05375 0.312
6 0.885 0.53 0.0575 0.168
6 0.81625 0.529 0.0725 0.17
0 0.66875 0.692 0.1025 0.16
0 0.194375 0.785 0.21125 0.162
0 0.199375 0.648 0.12625 0.16
6 0.811875 0.252 0.20625 0.268
2 0.49125 0.192 0.2475 0.244
6 0.669375 0.413 0.08875 0.13
6 0.264375 0.498 0.16875 0.34
0 0.375 0.751 0.135 0.134
6 0.54375 0.339 0.115 0.126
0 0.569375 0.765 0.14875 0.206
0 0.12625 0.595 0.08 0.234
6 0.378125 0.368 0.11125 0.184
0 0.19875 0.648 0.125 0.16
