6 0.1575 0.424 0.1375 0.12
6 0.151875 0.897 0.02375 0.05
6 0.128125 0.752 0.06375 0.324
6 0.189375 0.764 0.05375 0.312
6 0.115 0.53 0.0575 0.168
6 0.18375 0.529 0.0725 0.17
0 0.33125 0.692 0.1025 0.16
0 0.805625 0.785 0.21125 0.162
0 0.800625 0.648 0.12625 0.16
6 0.188125 0.252 0.20625 0.268
2 0.50875 0.192 0.2475 0.244
6 0.330625 0.413 0.08875 0.13
6 0.735625 0.498 0.16875 0.34
0 0.625 0.751 0.135 0.134
6 0.45625 0.339 0.115 0.126
0 0.430625 0.765 0.14875 0.206
0 0.87375 0.595 0.08 0.234
6 0.621875 0.368 0.11125 0.184
0 0.80125 0.648 0.125 0.16
