3 0.76963 0.480833 0.351111 0.103333
3 0.494074 0.384583 0.422222 0.0725
3 0.524444 0.337917 0.0562963 0.0275
3 0.315556 0.288333 0.281481 0.136667
3 0.175556 0.41 0.125926 0.0383333
3 0.157778 0.334583 0.137778 0.279167
3 0.294815 0.479583 0.251852 0.1825
3 0.119259 0.50125 0.0725926 0.0575
3 0.182222 0.487917 0.115556 0.1675
3 0.462222 0.509167 0.257778 0.115
3 0.583704 0.55 0.607407 0.0466667
3 0.958519 0.466667 0.0592593 0.0466667
3 0.813333 0.41 0.162963 0.04
3 0.651111 0.41375 0.508148 0.129167
3 0.725185 0.454583 0.244444 0.0541667
3 0.268889 0.373333 0.0785185 0.03
