0 0.655571 0.418451 0.197011 0.194699
0 0.214674 0.686035 0.277174 0.183486
6 0.46875 0.863405 0.483696 0.271152
3 0.305707 0.524465 0.225543 0.329256
3 0.167799 0.79052 0.137228 0.164118
3 0.0713315 0.562181 0.129076 0.206932
3 0.786005 0.864424 0.425272 0.269113
3 0.661005 0.61315 0.400815 0.496432
3 0.180707 0.556065 0.138587 0.119266
3 0.15625 0.412844 0.0815217 0.20999
3 0.345109 0.367482 0.0923913 0.111111
3 0.408288 0.287971 0.188859 0.0642202
3 0.512228 0.299694 0.163043 0.0998981
3 0.826087 0.675841 0.0978261 0.156983
3 0.715353 0.690112 0.131793 0.0815494
3 0.521739 0.493884 0.0869565 0.109072
3 0.455842 0.58002 0.175272 0.214067
3 0.563859 0.360856 0.125 0.152905
3 0.819973 0.585627 0.107337 0.0948012
3 0.45788 0.730887 0.144022 0.0856269
3 0.452446 0.485729 0.0815217 0.0825688
