2 0.531629 0.746216 0.0861373 0.156408
2 0.475101 0.64884 0.090175 0.155399
2 0.270188 0.780525 0.117766 0.172553
2 0.0386945 0.702825 0.0760431 0.122099
2 0.114065 0.640767 0.0814266 0.0887992
2 0.136608 0.682139 0.0632571 0.117053
2 0.141319 0.55449 0.039031 0.0837538
2 0.3893 0.514127 0.0746972 0.0857719
2 0.441117 0.748739 0.0975774 0.137235
2 0.339838 0.704844 0.115747 0.172553
2 0.320323 0.601413 0.0834455 0.0847629
2 0.723082 0.682139 0.0854643 0.131181
0 0.796433 0.730071 0.0652759 0.0676085
0 0.830417 0.732593 0.076716 0.0686176
6 0.579744 0.930878 0.160834 0.136226
0 0.477793 0.868315 0.0578735 0.120081
4 0.636272 0.656912 0.0114401 0.012109
4 0.64502 0.652371 0.012786 0.0191726
3 0.649731 0.634208 0.0100942 0.0232089
6 0.670592 0.595863 0.0316285 0.0393542
6 0.681359 0.550454 0.0302826 0.0454087
6 0.65074 0.571645 0.0323015 0.0353179
6 0.687079 0.606963 0.0349933 0.025227
6 0.705036 0.627607 0.0278371 0.0160616
6 0.736016 0.628827 0.0171198 0.0104289
2 0.719381 0.559031 0.0430686 0.0544904
2 0.596248 0.574359 3.36474e-05 0.000383451
6 0.598587 0.56559 0.0168237 0.0312815
6 0.425639 0.798184 0.0504711 0.0847629
5 0.357672 0.819374 0.0437416 0.0524723
0 0.408816 0.932896 0.077389 0.116044
0 0.216689 0.951564 0.125168 0.0948537
0 0.217699 0.843592 0.0289367 0.0464178
6 0.179004 0.761857 0.0309556 0.0605449
2 0.193809 0.677598 0.123822 0.140262
2 0.257066 0.613017 0.0699865 0.114026
2 0.170592 0.57669 0.0302826 0.101917
2 0.225774 0.5222 0.0477793 0.0797175
0 0.247308 0.487891 0.0504711 0.0534813
6 0.324361 0.506559 0.0726783 0.0443996
6 0.315276 0.550454 0.0477793 0.049445
2 0.320323 0.600908 0.0834455 0.0857719
4 0.343876 0.605954 0.0363392 0.025227
0 0.392665 0.591826 0.0585464 0.0454087
0 0.430013 0.552472 0.0484522 0.0877901
4 0.496635 0.54894 0.0228802 0.0262361
2 0.357672 0.859738 0.120458 0.157417
3 0.58766 0.764053 0.0124664 0.0306297
0 0.633917 0.78002 0.0363392 0.0544904
0 0.650067 0.74672 0.0349933 0.0544904
0 0.614401 0.691726 0.0807537 0.0797175
6 0.414872 0.680121 0.0343203 0.0565086
6 0.420592 0.579213 0.025572 0.0302725
6 0.406797 0.465187 0.0289367 0.0221998
6 0.184724 0.870838 0.0423957 0.0141271
