1 0.652727 0.830601 0.214545 0.240437
1 0.367273 0.778689 0.123636 0.245902
1 0.678182 0.314208 0.0618182 0.234973
1 0.616364 0.295082 0.0618182 0.163934
1 0.554545 0.306011 0.0545455 0.218579
1 0.909091 0.773224 0.174545 0.114754
1 0.810909 0.677596 0.152727 0.174863
1 0.289091 0.557377 0.207273 0.131148
1 0.3 0.581967 0.236364 0.180328
1 0.336364 0.79235 0.185455 0.273224
1 0.525455 0.0765027 0.134545 0.120219
1 0.410909 0.275956 0.101818 0.245902
1 0.750909 0.193989 0.0472727 0.147541
1 0.470909 0.15847 0.0981818 0.0655738
1 0.587273 0.265027 0.12 0.300546
1 0.338182 0.715847 0.203636 0.20765
1 0.521818 0.885246 0.163636 0.0983607
1 0.794545 0.825137 0.149091 0.0983607
