3 0.242069 0.320417 0.26069 0.205833
3 0.12069 0.559167 0.2 0.173333
3 0.402759 0.77875 0.750345 0.2575
3 0.614483 0.272083 0.310345 0.0808333
3 0.454483 0.411667 0.484138 0.0916667
3 0.476552 0.5225 0.762759 0.233333
3 0.63931 0.699583 0.547586 0.160833
3 0.438621 0.643333 0.571034 0.125
3 0.388276 0.24875 0.0675862 0.0308333
3 0.406207 0.295833 0.166897 0.186667
3 0.562069 0.328333 0.235862 0.075
3 0.887586 0.429583 0.222069 0.0775
3 0.906207 0.567917 0.184828 0.134167
3 0.853103 0.694583 0.291034 0.185833
3 0.778621 0.8325 0.44 0.136667
3 0.935862 0.794583 0.125517 0.0725
3 0.717931 0.510833 0.233103 0.146667
3 0.766207 0.378333 0.255172 0.0883333
3 0.682759 0.31125 0.267586 0.0658333
3 0.896552 0.499583 0.204138 0.0758333
