3 0.757931 0.320417 0.26069 0.205833
3 0.87931 0.559167 0.2 0.173333
3 0.597241 0.77875 0.750345 0.2575
3 0.385517 0.272083 0.310345 0.0808333
3 0.545517 0.411667 0.484138 0.0916667
3 0.523448 0.5225 0.762759 0.233333
3 0.36069 0.699583 0.547586 0.160833
3 0.561379 0.643333 0.571034 0.125
3 0.611724 0.24875 0.0675862 0.0308333
3 0.593793 0.295833 0.166897 0.186667
3 0.437931 0.328333 0.235862 0.075
3 0.112414 0.429583 0.222069 0.0775
3 0.0937931 0.567917 0.184828 0.134167
3 0.146897 0.694583 0.291034 0.185833
3 0.221379 0.8325 0.44 0.136667
3 0.0641379 0.794583 0.125517 0.0725
3 0.282069 0.510833 0.233103 0.146667
3 0.233793 0.378333 0.255172 0.0883333
3 0.317241 0.31125 0.267586 0.0658333
3 0.103448 0.499583 0.204138 0.0758333
