3 0.695652 0.38685 0.179348 0.131498
3 0.641304 0.551988 0.130435 0.198777
3 0.705842 0.254842 0.191576 0.183486
3 0.548234 0.255861 0.148098 0.136595
3 0.370924 0.264016 0.201087 0.185525
3 0.298913 0.343527 0.138587 0.126402
3 0.370924 0.462793 0.423913 0.20999
3 0.584239 0.714577 0.152174 0.134557
3 0.722147 0.723751 0.158967 0.146789
3 0.586277 0.605505 0.0855978 0.0897044
3 0.517663 0.619266 0.076087 0.09684
3 0.396739 0.715596 0.217391 0.142712
3 0.366848 0.59735 0.220109 0.124363
3 0.288043 0.67788 0.125 0.0897044
3 0.222147 0.597859 0.0964674 0.0703364
3 0.241848 0.517839 0.103261 0.0856269
3 0.251359 0.462283 0.105978 0.0784913
3 0.480299 0.426606 0.0285326 0.0234455
3 0.425951 0.379715 0.112772 0.0846075
3 0.526495 0.345566 0.110054 0.179409
