6 0.452446 0.864424 0.125 0.0917431
6 0.544158 0.803262 0.0855978 0.0897044
0 0.654212 0.785423 0.080163 0.0479103
0 0.588315 0.723242 0.0815217 0.058104
6 0.772418 0.695719 0.139946 0.0805301
6 0.835598 0.623344 0.0869565 0.0601427
6 0.77106 0.577982 0.080163 0.0509684
4 0.69837 0.601937 0.0923913 0.058104
6 0.529891 0.598879 0.0271739 0.0377166
6 0.624321 0.590214 0.0611413 0.0366972
3 0.766984 0.633028 0.101902 0.0591233
6 0.796196 0.620285 0.11413 0.0662589
6 0.624321 0.64526 0.0638587 0.0489297
4 0.45788 0.673802 0.111413 0.0672783
0 0.402174 0.67686 0.0733696 0.0468909
0 0.490489 0.929664 0.0951087 0.0672783
6 0.494565 0.196228 0.0788043 0.09684
6 0.487772 0.108563 0.163043 0.125382
6 0.427989 0.142202 0.076087 0.0540265
6 0.382473 0.122834 0.0883152 0.0744139
6 0.336277 0.117227 0.0638587 0.0958206
6 0.532609 0.203364 0.0190217 0.0254842
6 0.430707 0.187054 0.0543478 0.0397554
0 0.322011 0.192661 0.0625 0.0346585
6 0.404212 0.185015 0.107337 0.0560652
0 0.33356 0.260449 0.0665761 0.0458716
6 0.400136 0.268603 0.0692935 0.0560652
0 0.421875 0.589195 0.017663 0.0224261
0 0.503397 0.7421 0.03125 0.038736
0 0.447011 0.811417 0.0244565 0.0203874
0 0.381793 0.810398 0.0271739 0.00815494
0 0.616848 0.851172 0.0271739 0.0244648
0 0.519701 0.864424 0.03125 0.0224261
0 0.476902 0.996432 0.048913 0.00509684
0 0.372962 0.737003 0.0230978 0.0163099
0 0.342391 0.768603 0.00815217 0.0203874
0 0.326766 0.764016 0.017663 0.019368
6 0.525136 0.0815494 0.0421196 0.030581
6 0.451766 0.0382263 0.0258152 0.0295617
