6 0.547554 0.864424 0.125 0.0917431
6 0.455842 0.803262 0.0855978 0.0897044
0 0.345788 0.785423 0.080163 0.0479103
0 0.411685 0.723242 0.0815217 0.058104
6 0.227582 0.695719 0.139946 0.0805301
6 0.164402 0.623344 0.0869565 0.0601427
6 0.22894 0.577982 0.080163 0.0509684
4 0.30163 0.601937 0.0923913 0.058104
6 0.470109 0.598879 0.0271739 0.0377166
6 0.375679 0.590214 0.0611413 0.0366972
3 0.233016 0.633028 0.101902 0.0591233
6 0.203804 0.620285 0.11413 0.0662589
6 0.375679 0.64526 0.0638587 0.0489297
4 0.54212 0.673802 0.111413 0.0672783
0 0.597826 0.67686 0.0733696 0.0468909
0 0.509511 0.929664 0.0951087 0.0672783
6 0.505435 0.196228 0.0788043 0.09684
6 0.512228 0.108563 0.163043 0.125382
6 0.572011 0.142202 0.076087 0.0540265
6 0.617527 0.122834 0.0883152 0.0744139
6 0.663723 0.117227 0.0638587 0.0958206
6 0.467391 0.203364 0.0190217 0.0254842
6 0.569293 0.187054 0.0543478 0.0397554
0 0.677989 0.192661 0.0625 0.0346585
6 0.595788 0.185015 0.107337 0.0560652
0 0.66644 0.260449 0.0665761 0.0458716
6 0.599864 0.268603 0.0692935 0.0560652
0 0.578125 0.589195 0.017663 0.0224261
0 0.496603 0.7421 0.03125 0.038736
0 0.552989 0.811417 0.0244565 0.0203874
0 0.618207 0.810398 0.0271739 0.00815494
0 0.383152 0.851172 0.0271739 0.0244648
0 0.480299 0.864424 0.03125 0.0224261
0 0.523098 0.996432 0.048913 0.00509684
0 0.627038 0.737003 0.0230978 0.0163099
0 0.657609 0.768603 0.00815217 0.0203874
0 0.673234 0.764016 0.017663 0.019368
6 0.474864 0.0815494 0.0421196 0.030581
6 0.548234 0.0382263 0.0258152 0.0295617
