2 0.272517 0.703237 0.161663 0.120144
4 0.56351 0.902518 0.0900693 0.0669065
4 0.683025 0.901079 0.114319 0.0697842
4 0.303695 0.792806 0.073903 0.0546763
4 0.379908 0.821942 0.0600462 0.042446
4 0.114896 0.664388 0.0796767 0.0496403
4 0.0155889 0.660791 0.0311778 0.0352518
4 0.0710162 0.632734 0.105081 0.0395683
4 0.516166 0.806115 0.120092 0.0467626
4 0.469977 0.191007 0.0508083 0.0928058
4 0.812356 0.211151 0.0542725 0.0654676
4 0.860855 0.197122 0.0473441 0.0748201
4 0.56582 0.359712 0.0531178 0.0733813
3 0.943418 0.620504 0.0461894 0.0956835
6 0.384527 0.220504 0.0484988 0.0338129
6 0.594688 0.238849 0.113164 0.0302158
4 0.744226 0.167626 0.017321 0.0258993
4 0.702079 0.16259 0.073903 0.0388489
6 0.427252 0.151079 0.0692841 0.0374101
6 0.263857 0.216187 0.0796767 0.0208633
6 0.214781 0.172662 0.0115473 0.018705
6 0.230947 0.148561 0.0531178 0.0366906
6 0.202656 0.15 0.017321 0.023741
6 0.673788 0.231655 0.051963 0.0244604
6 0.337182 0.347482 0.0577367 0.0374101
0 0.285797 0.383813 0.0773672 0.11295
2 0.367783 0.394604 0.095843 0.120144
2 0.157621 0.345683 0.0588915 0.0395683
6 0.15358 0.383094 0.0300231 0.0352518
6 0.41224 0.343525 0.073903 0.0381295
6 0.812933 0.331655 0.0785219 0.0374101
