2 0.760156 0.810263 0.0984375 0.198091
2 0.667188 0.880668 0.103125 0.152745
6 0.611719 0.842482 0.0734375 0.128878
4 0.397656 0.939141 0.0515625 0.026253
4 0.189062 0.721957 0.021875 0.0310263
6 0.347656 0.878282 0.214062 0.119332
4 0.572656 0.863962 0.0234375 0.0334129
4 0.508594 0.866348 0.0265625 0.0238663
2 0.621875 0.963007 0.09375 0.0692124
6 0.784998 0.967258 0.0699953 0.0586205
6 0.765894 0.954078 0.0567875 0.0608998
4 0.847656 0.936754 0.0390625 0.0357995
4 0.876563 0.931981 0.034375 0.0357995
2 0.916406 0.798329 0.101562 0.121718
2 0.949219 0.942721 0.0734375 0.071599
6 0.953906 0.884248 0.0328125 0.0357995
4 0.935156 0.868735 0.0609375 0.0381862
2 0.8875 0.714797 0.040625 0.0501193
2 0.95625 0.76969 0.04375 0.0787589
4 0.748437 0.927208 0.028125 0.0357995
6 0.557031 0.854415 0.0609375 0.109785
6 0.447656 0.922434 0.0515625 0.0644391
2 0.788281 0.171838 0.0921875 0.0811456
2 0.642969 0.199284 0.0765625 0.0883055
2 0.732812 0.199284 0.065625 0.097852
6 0.84375 0.28043 0.034375 0.0692124
0 0.758594 0.307876 0.0859375 0.0238663
6 0.694531 0.187351 0.0265625 0.0787589
2 0.639062 0.274463 0.09375 0.0954654
6 0.521875 0.399761 0.09375 0.236277
6 0.766406 0.365155 0.0734375 0.105012
0 0.895312 0.297136 0.071875 0.0501193
0 0.585156 0.279236 0.0453125 0.0572792
2 0.564063 0.261337 0.053125 0.0548926
6 0.810937 0.27327 0.040625 0.0405728
2 0.689844 0.25179 0.0609375 0.0453461
6 0.880469 0.898568 0.0390625 0.0501193
4 0.809375 0.929594 0.0375 0.0310263
0 0.894531 0.979714 0.0765625 0.0310263
6 0.880469 0.899761 0.0390625 0.052506
6 0.844531 0.899761 0.0609375 0.0334129
2 0.582031 0.940334 0.0609375 0.0763723
