2 0.180078 0.4875 0.164844 0.11875
4 0.449609 0.577083 0.0257812 0.0270833
4 0.438746 0.600339 0.0462414 0.0215104
4 0.496949 0.530464 0.000148437 0.000510417
6 0.957812 0.556771 0.084375 0.0697917
4 0.910547 0.567708 0.0445313 0.0520833
6 0.794922 0.652083 0.0351562 0.0354167
6 0.701953 0.407813 0.0929688 0.0760417
3 0.646484 0.419792 0.0195312 0.0479167
4 0.553906 0.448437 0.025 0.028125
4 0.535156 0.43125 0.0234375 0.0208333
4 0.499219 0.419271 0.0296875 0.0302083
6 0.4375 0.626563 0.0890625 0.126042
4 0.430859 0.34375 0.0476562 0.0333333
6 0.413672 0.406771 0.0929688 0.115625
4 0.316016 0.408333 0.0992187 0.0604167
6 0.242578 0.410938 0.0679687 0.0697917
6 0.135937 0.423438 0.0484375 0.0322917
6 0.417187 0.485938 0.0328125 0.0427083
6 0.3875 0.470833 0.0328125 0.0645833
6 0.433594 0.453125 0.025 0.0458333
6 0.36875 0.505729 0.117188 0.163542
6 0.352344 0.619271 0.125 0.167708
6 0.0371094 0.566146 0.0726563 0.0822917
4 0.650391 0.611458 0.0601563 0.03125
6 0.586328 0.709375 0.127344 0.04375
3 0.642188 0.64375 0.0953125 0.0520833
6 0.706641 0.570312 0.0726563 0.109375
6 0.827734 0.747396 0.0335937 0.0510417
6 0.794922 0.652604 0.0351562 0.0364583
0 0.752344 0.506771 0.04375 0.040625
6 0.757812 0.527604 0.034375 0.0302083
6 0.758594 0.769271 0.090625 0.0552083
6 0.757812 0.527083 0.0359375 0.03125
6 0.6625 0.58125 0.0875 0.0770833
6 0.526953 0.652083 0.0335937 0.0291667
6 0.535937 0.549479 0.134375 0.176042
0 0.7625 0.463542 0.05625 0.0854167
0 0.797656 0.589063 0.115625 0.128125
0 0.266016 0.538542 0.117969 0.15
0 0.129688 0.552604 0.153125 0.130208
6 0.883203 0.616667 0.0710937 0.0604167
4 0.630078 0.525 0.0242188 0.0375
4 0.576953 0.530729 0.0242188 0.0322917
0 0.689063 0.463542 0.0625 0.0354167
