1 0.639375 0.364232 0.32875 0.252809
1 0.385625 0.627341 0.25375 0.374532
1 0.89875 0.529026 0.2025 0.279026
1 0.7925 0.670412 0.235 0.430712
1 0.549375 0.639513 0.13875 0.230337
1 0.526875 0.812734 0.14875 0.217228
6 0.24875 0.757491 0.205 0.219101
1 0.554375 0.138577 0.35625 0.258427
1 0.365625 0.25 0.26875 0.275281
1 0.949375 0.191011 0.10125 0.191011
1 0.72875 0.899813 0.535 0.196629
1 0.809375 0.553371 0.07125 0.117978
1 0.97875 0.466292 0.0425 0.11985
1 0.255625 0.274345 0.45875 0.440075
1 0.615625 0.605805 0.09625 0.241573
