6 0.134063 0.349784 0.036875 0.0554113
6 0.17875 0.324242 0.0325 0.0510823
4 0.202813 0.324242 0.019375 0.0510823
4 0.235625 0.349351 0.02375 0.047619
4 0.226347 0.324069 0.00019375 0.000519481
6 0.228125 0.325541 0.03375 0.0536797
0 0.19875 0.4 0.09625 0.0225108
6 0.223125 0.490043 0.0225 0.034632
6 0.0725 0.785714 0.04625 0.0580087
6 0.0315625 0.804329 0.034375 0.0380952
0 0.136563 0.848052 0.104375 0.0978355
0 0.084375 0.731169 0.09125 0.0493506
4 0.0928125 0.698701 0.038125 0.0207792
4 0.095 0.611255 0.03125 0.0207792
4 0.297812 0.635931 0.018125 0.030303
4 0.315 0.537662 0.0125 0.0155844
6 0.46875 0.756277 0.03125 0.038961
6 0.419375 0.777489 0.025 0.0467532
6 0.434063 0.703463 0.058125 0.0441558
6 0.469687 0.723377 0.030625 0.0251082
6 0.456562 0.746753 0.029375 0.0320346
0 0.461875 0.842424 0.15875 0.155844
0 0.317812 0.814286 0.084375 0.149784
6 0.334375 0.835931 0.0325 0.0545455
6 0.229063 0.854113 0.033125 0.0493506
4 0.22 0.777922 0.025 0.0251082
4 0.358125 0.637229 0.0225 0.0225108
2 0.408125 0.545887 0.11 0.163636
0 0.251875 0.730303 0.09875 0.0978355
0 0.307188 0.602165 0.021875 0.038961
