1 0.360625 0.364232 0.32875 0.252809
1 0.614375 0.627341 0.25375 0.374532
1 0.10125 0.529026 0.2025 0.279026
1 0.2075 0.670412 0.235 0.430712
1 0.450625 0.639513 0.13875 0.230337
1 0.473125 0.812734 0.14875 0.217228
6 0.75125 0.757491 0.205 0.219101
1 0.445625 0.138577 0.35625 0.258427
1 0.634375 0.25 0.26875 0.275281
1 0.050625 0.191011 0.10125 0.191011
1 0.27125 0.899813 0.535 0.196629
1 0.190625 0.553371 0.07125 0.117978
1 0.02125 0.466292 0.0425 0.11985
1 0.744375 0.274345 0.45875 0.440075
1 0.384375 0.605805 0.09625 0.241573
