6 0.865938 0.349784 0.036875 0.0554113
6 0.82125 0.324242 0.0325 0.0510823
4 0.797188 0.324242 0.019375 0.0510823
4 0.764375 0.349351 0.02375 0.047619
4 0.773222 0.324069 0.00019375 0.000519481
6 0.771875 0.325541 0.03375 0.0536797
0 0.80125 0.4 0.09625 0.0225108
6 0.776875 0.490043 0.0225 0.034632
6 0.9275 0.785714 0.04625 0.0580087
6 0.968437 0.804329 0.034375 0.0380952
0 0.863437 0.848052 0.104375 0.0978355
0 0.915625 0.731169 0.09125 0.0493506
4 0.907188 0.698701 0.038125 0.0207792
4 0.905 0.611255 0.03125 0.0207792
4 0.702187 0.635931 0.018125 0.030303
4 0.685 0.537662 0.0125 0.0155844
6 0.53125 0.756277 0.03125 0.038961
6 0.580625 0.777489 0.025 0.0467532
6 0.565937 0.703463 0.058125 0.0441558
6 0.530312 0.723377 0.030625 0.0251082
6 0.543438 0.746753 0.029375 0.0320346
0 0.538125 0.842424 0.15875 0.155844
0 0.682187 0.814286 0.084375 0.149784
6 0.665625 0.835931 0.0325 0.0545455
6 0.770938 0.854113 0.033125 0.0493506
4 0.78 0.777922 0.025 0.0251082
4 0.641875 0.637229 0.0225 0.0225108
2 0.591875 0.545887 0.11 0.163636
0 0.748125 0.730303 0.09875 0.0978355
0 0.692813 0.602165 0.021875 0.038961
