0 0.723039 0.775735 0.223856 0.262255
0 0.58415 0.493873 0.138889 0.237745
0 0.614379 0.694853 0.160131 0.188725
0 0.821895 0.651961 0.245098 0.343137
0 0.656863 0.425245 0.173203 0.247549
2 0.833333 0.191176 0.205882 0.348039
0 0.343137 0.636029 0.27451 0.218137
0 0.383987 0.409314 0.140523 0.269608
0 0.370098 0.4375 0.0964052 0.227941
0 0.312908 0.477941 0.142157 0.156863
0 0.552288 0.172794 0.0882353 0.14951
0 0.669935 0.248775 0.117647 0.134804
0 0.820261 0.5 0.117647 0.0980392
0 0.805556 0.417892 0.0915033 0.0759804
0 0.490196 0.373775 0.0816993 0.144608
0 0.497549 0.283088 0.0800654 0.110294
0 0.572712 0.278186 0.0702614 0.120098
0 0.897876 0.392157 0.125817 0.112745
0 0.723856 0.455882 0.0490196 0.0882353
0 0.76634 0.421569 0.0424837 0.0980392
0 0.485294 0.58701 0.0784314 0.272059
