0 0.492647 0.702206 0.544118 0.541667
0 0.840686 0.497549 0.240196 0.303922
0 0.55719 0.332108 0.0849673 0.0857843
0 0.430556 0.183824 0.0898693 0.0833333
0 0.361928 0.305147 0.119281 0.134804
0 0.223856 0.473039 0.169935 0.20098
0 0.0931373 0.636029 0.183007 0.276961
0 0.0849673 0.362745 0.147059 0.171569
0 0.245098 0.330882 0.0718954 0.0931373
0 0.135621 0.258578 0.0653595 0.0514706
0 0.196078 0.348039 0.0816993 0.142157
0 0.349673 0.387255 0.0784314 0.127451
0 0.322712 0.502451 0.0637255 0.107843
0 0.487745 0.313725 0.0310458 0.0343137
0 0.295752 0.166667 0.0882353 0.102941
0 0.184641 0.159314 0.0980392 0.0833333
0 0.0236928 0.194853 0.0441176 0.0857843
0 0.0359477 0.76348 0.0686275 0.198529
0 0.17402 0.833333 0.171569 0.0833333
0 0.450163 0.89951 0.102941 0.102941
0 0.583333 0.889706 0.137255 0.122549
2 0.729575 0.884804 0.102941 0.0539216
0 0.862745 0.675245 0.0555556 0.0857843
0 0.811275 0.692402 0.0898693 0.144608
0 0.437092 0.426471 0.0310458 0.0392157
0 0.390523 0.425245 0.0653595 0.0808824
0 0.45098 0.389706 0.0490196 0.0686275
0 0.477941 0.33701 0.0767974 0.0465686
0 0.518791 0.224265 0.0735294 0.0465686
0 0.39134 0.0943627 0.0539216 0.0857843
0 0.448529 0.0857843 0.0343137 0.0833333
0 0.276144 0.238971 0.120915 0.0661765
0 0.179739 0.232843 0.104575 0.0735294
0 0.10335 0.928922 0.131536 0.0392157
0 0.229575 0.901961 0.138889 0.0490196
0 0.451797 0.284314 0.0539216 0.0539216
0 0.0980392 0.449755 0.124183 0.164216
0 0.924837 0.0759804 0.127451 0.102941
0 0.910948 0.170343 0.145425 0.115196
0 0.905229 0.270833 0.137255 0.105392
0 0.894608 0.375 0.119281 0.107843
0 0.979575 0.372549 0.0408497 0.107843
0 0.982843 0.476716 0.0343137 0.0955882
