1 0.224673 0.698157 0.158497 0.202765
1 0.332516 0.332949 0.122549 0.260369
1 0.440359 0.282258 0.0767974 0.237327
1 0.0920343 0.498664 0.00106209 0.00193548
1 0.0857843 0.518433 0.132353 0.147465
1 0.265523 0.334101 0.165033 0.271889
1 0.312908 0.461982 0.0637255 0.0990783
1 0.451797 0.686636 0.0604575 0.133641
1 0.156046 0.5553 0.102941 0.124424
1 0.329248 0.597926 0.0964052 0.177419
1 0.259804 0.921659 0.111111 0.152074
1 0.245098 0.808756 0.117647 0.18894
1 0.313725 0.81682 0.140523 0.126728
2 0.70098 0.616359 0.189542 0.343318
2 0.548203 0.471198 0.151961 0.278802
2 0.651961 0.798387 0.218954 0.352535
1 0.958333 0.702765 0.0735294 0.0967742
2 0.75817 0.778802 0.153595 0.21659
1 0.857843 0.464286 0.0947712 0.126728
1 0.898693 0.456221 0.101307 0.129032
1 0.781863 0.456221 0.0571895 0.0691244
1 0.767974 0.547235 0.0882353 0.14977
1 0.433007 0.455069 0.0816993 0.195853
1 0.379902 0.487327 0.0735294 0.172811
1 0.486111 0.264977 0.0375817 0.101382
1 0.397059 0.271889 0.0326797 0.156682
1 0.0400327 0.59447 0.0800654 0.198157
1 0.0882353 0.720046 0.169935 0.205069
1 0.0669935 0.941244 0.133987 0.112903
1 0.504902 0.745392 0.0849673 0.228111
1 0.937092 0.671659 0.0539216 0.09447
