1 0.419118 0.665441 0.511438 0.414216
1 0.16585 0.612745 0.315359 0.504902
1 0.285131 0.905637 0.220588 0.183824
1 0.714869 0.710784 0.374183 0.465686
1 0.392157 0.26348 0.160131 0.242647
1 0.909314 0.54902 0.178105 0.431373
1 0.581699 0.275735 0.173203 0.169118
1 0.0702614 0.283088 0.0718954 0.223039
1 0.748366 0.257353 0.111111 0.215686
1 0.863562 0.291667 0.20098 0.269608
1 0.410131 0.428922 0.232026 0.122549
1 0.744281 0.578431 0.397059 0.323529
1 0.906863 0.870098 0.0980392 0.254902
1 0.764706 0.903186 0.24183 0.188725
1 0.0490196 0.779412 0.0980392 0.338235
1 0.639706 0.129902 0.102941 0.147059
1 0.569444 0.38848 0.122549 0.105392
1 0.0351307 0.0551471 0.0702614 0.105392
1 0.472222 0.0919118 0.140523 0.125
1 0.919935 0.120098 0.156863 0.22549
1 0.14951 0.214461 0.0964052 0.232843
1 0.286765 0.224265 0.116013 0.129902
1 0.569444 0.387255 0.122549 0.107843
1 0.543301 0.234069 0.132353 0.223039
1 0.794935 0.0735294 0.102941 0.0980392
1 0.672386 0.0490196 0.145425 0.0980392
1 0.333333 0.0882353 0.0490196 0.0539216
1 0.227941 0.0563725 0.0702614 0.0539216
1 0.211601 0.237745 0.0702614 0.245098
