0 0.472973 0.257732 0.142857 0.14433
0 0.420849 0.386598 0.11583 0.14433
0 0.561776 0.471649 0.212355 0.221649
0 0.274131 0.873711 0.19305 0.242268
0 0.72973 0.850515 0.208494 0.28866
0 0.494208 0.760309 0.216216 0.149485
6 0.266409 0.654639 0.355212 0.474227
0 0.0733591 0.590206 0.138996 0.180412
0 0.220077 0.257732 0.301158 0.175258
0 0.864865 0.693299 0.239382 0.128866
0 0.839768 0.489691 0.158301 0.206186
0 0.959459 0.505155 0.0810811 0.185567
0 0.957529 0.78866 0.0849421 0.278351
0 0.741313 0.443299 0.177606 0.268041
0 0.38417 0.484536 0.127413 0.103093
0 0.0965251 0.430412 0.131274 0.180412
0 0.202703 0.56701 0.034749 0.0412371
0 0.295367 0.479381 0.0733591 0.103093
0 0.241313 0.458763 0.119691 0.103093
