0 0.826667 0.395556 0.337778 0.275556
0 0.411111 0.824444 0.511111 0.217778
6 0.797778 0.633333 0.182222 0.271111
0 0.86 0.808889 0.28 0.177778
0 0.197778 0.566667 0.386667 0.155556
0 0.333333 0.304444 0.586667 0.244444
0 0.246667 0.122222 0.217778 0.128889
0 0.331111 0.12 0.44 0.195556
0 0.346667 0.426667 0.311111 0.0977778
0 0.542222 0.542222 0.391111 0.213333
0 0.491111 0.682222 0.288889 0.146667
0 0.662222 0.213333 0.231111 0.124444
0 0.637778 0.4 0.288889 0.0977778
0 0.164444 0.711111 0.32 0.115556
6 0.951111 0.655556 0.0977778 0.244444
