0 0.336364 0.863388 0.149091 0.174863
0 0.269091 0.614754 0.145455 0.234973
0 0.38 0.420765 0.105455 0.120219
0 0.44 0.456284 0.0727273 0.136612
0 0.314545 0.516393 0.12 0.147541
0 0.481818 0.702186 0.141818 0.136612
0 0.0727273 0.819672 0.116364 0.120219
0 0.963636 0.677596 0.0654545 0.0983607
0 0.823636 0.751366 0.105455 0.0928962
0 0.967273 0.357923 0.0654545 0.0710383
0 0.165455 0.5 0.0909091 0.136612
0 0.407273 0.306011 0.0872727 0.0874317
0 0.541818 0.513661 0.0872727 0.0983607
0 0.456364 0.568306 0.0981818 0.131148
0 0.614545 0.789617 0.0945455 0.0382514
0 0.567273 0.836066 0.210909 0.131148
0 0.665455 0.513661 0.116364 0.131148
0 0.103636 0.60929 0.127273 0.169399
0 0.1 0.713115 0.0763636 0.0928962
0 0.269091 0.396175 0.0945455 0.114754
0 0.376364 0.715847 0.0763636 0.131148
0 0.749091 0.726776 0.08 0.10929
