0 0.527027 0.257732 0.142857 0.14433
0 0.579151 0.386598 0.11583 0.14433
0 0.438224 0.471649 0.212355 0.221649
0 0.725869 0.873711 0.19305 0.242268
0 0.27027 0.850515 0.208494 0.28866
0 0.505792 0.760309 0.216216 0.149485
6 0.733591 0.654639 0.355212 0.474227
0 0.926641 0.590206 0.138996 0.180412
0 0.779923 0.257732 0.301158 0.175258
0 0.135135 0.693299 0.239382 0.128866
0 0.160232 0.489691 0.158301 0.206186
0 0.0405405 0.505155 0.0810811 0.185567
0 0.042471 0.78866 0.0849421 0.278351
0 0.258687 0.443299 0.177606 0.268041
0 0.61583 0.484536 0.127413 0.103093
0 0.903475 0.430412 0.131274 0.180412
0 0.797297 0.56701 0.034749 0.0412371
0 0.704633 0.479381 0.0733591 0.103093
0 0.758687 0.458763 0.119691 0.103093
