3 0.483125 0.482176 0.07125 0.262664
3 0.446875 0.457786 0.07375 0.247655
3 0.42625 0.884615 0.0925 0.155722
3 0.515 0.919325 0.065 0.157598
3 0.660625 0.85272 0.15625 0.0806754
3 0.778125 0.921201 0.07125 0.12758
3 0.805 0.863039 0.0975 0.12758
3 0.9325 0.743902 0.0925 0.0769231
3 0.834375 0.637899 0.10875 0.11257
3 0.7575 0.621951 0.0675 0.0881801
3 0.68625 0.542214 0.0375 0.108818
3 0.56125 0.58818 0.06 0.110694
3 0.616875 0.635084 0.06625 0.0694184
3 0.45125 0.658537 0.08 0.0787992
3 0.218125 0.603189 0.03625 0.0731707
3 0.371875 0.841463 0.05375 0.0581614
3 0.905625 0.865854 0.05625 0.166979
3 0.568125 0.914634 0.05875 0.15197
3 0.441875 0.957786 0.08125 0.0806754
3 0.04875 0.86773 0.0975 0.103189
3 0.786875 0.0844278 0.04375 0.0562852
3 0.82 0.589118 0.05 0.0863039
3 0.760625 0.535647 0.05625 0.0956848
3 0.500625 0.863039 0.05375 0.108818
3 0.964375 0.909006 0.06875 0.106942
3 0.980625 0.744841 0.03625 0.12758
3 0.70125 0.957786 0.035 0.0806754
3 0.415 0.749531 0.0975 0.0806754
2 0.50875 0.722326 0.09 0.183865
2 0.6825 0.73546 0.135 0.108818
2 0.81875 0.793621 0.1125 0.0787992
3 0.906875 0.665103 0.05875 0.110694
3 0.74125 0.953096 0.045 0.0900563
3 0.70625 0.806754 0.0975 0.0637899
3 0.731875 0.558161 0.05875 0.054409
3 0.41125 0.844278 0.0625 0.108818
3 0.82375 0.754221 0.0625 0.0600375
3 0.438125 0.595685 0.05875 0.0393996
