4 0.612727 0.374317 0.236364 0.289617
4 0.274545 0.86612 0.2 0.256831
4 0.270909 0.699454 0.149091 0.229508
6 0.218182 0.204918 0.152727 0.202186
6 0.461818 0.142077 0.130909 0.229508
6 0.0781818 0.437158 0.149091 0.20765
6 0.618182 0.614754 0.145455 0.26776
6 0.758182 0.521858 0.149091 0.224044
6 0.850909 0.0765027 0.174545 0.153005
6 0.567273 0.822404 0.247273 0.311475
6 0.881818 0.745902 0.163636 0.497268
6 0.705455 0.86612 0.276364 0.256831
6 0.281818 0.480874 0.243636 0.273224
3 0.112727 0.860656 0.116364 0.26776
4 0.450909 0.404372 0.116364 0.185792
0 0.436364 0.688525 0.203636 0.327869
3 0.796364 0.661202 0.0363636 0.0983607
3 0.909091 0.338798 0.174545 0.480874
