0 0.663636 0.863388 0.149091 0.174863
0 0.730909 0.614754 0.145455 0.234973
0 0.62 0.420765 0.105455 0.120219
0 0.56 0.456284 0.0727273 0.136612
0 0.685455 0.516393 0.12 0.147541
0 0.518182 0.702186 0.141818 0.136612
0 0.927273 0.819672 0.116364 0.120219
0 0.0363636 0.677596 0.0654545 0.0983607
0 0.176364 0.751366 0.105455 0.0928962
0 0.0327273 0.357923 0.0654545 0.0710383
0 0.834545 0.5 0.0909091 0.136612
0 0.592727 0.306011 0.0872727 0.0874317
0 0.458182 0.513661 0.0872727 0.0983607
0 0.543636 0.568306 0.0981818 0.131148
0 0.385455 0.789617 0.0945455 0.0382514
0 0.432727 0.836066 0.210909 0.131148
0 0.334545 0.513661 0.116364 0.131148
0 0.896364 0.60929 0.127273 0.169399
0 0.9 0.713115 0.0763636 0.0928962
0 0.730909 0.396175 0.0945455 0.114754
0 0.623636 0.715847 0.0763636 0.131148
0 0.250909 0.726776 0.08 0.10929
