0 0.274809 0.484375 0.19084 0.4375
0 0.0973282 0.432292 0.194656 0.333333
0 0.435115 0.153646 0.221374 0.223958
0 0.263359 0.119792 0.122137 0.239583
0 0.723282 0.552083 0.324427 0.270833
0 0.900763 0.375 0.19084 0.25
6 0.71374 0.367188 0.19084 0.0885417
0 0.406489 0.34375 0.118321 0.125
0 0.51145 0.731771 0.167939 0.161458
0 0.416031 0.697917 0.0916031 0.177083
6 0.416031 0.697917 0.0916031 0.177083
0 0.35687 0.822917 0.125954 0.145833
0 0.465649 0.580729 0.10687 0.151042
6 0.715649 0.364583 0.194656 0.0833333
0 0.883588 0.690104 0.110687 0.151042
0 0.833969 0.825521 0.316794 0.151042
0 0.442748 0.481771 0.10687 0.109375
0 0.652672 0.817708 0.152672 0.145833
