0 0.43299 0.88417 0.28866 0.169884
0 0.293814 0.364865 0.154639 0.119691
0 0.858247 0.638996 0.118557 0.0965251
0 0.14433 0.930502 0.175258 0.131274
0 0.373711 0.57722 0.201031 0.166023
0 0.546392 0.455598 0.237113 0.0540541
0 0.81701 0.409266 0.0876289 0.0694981
0 0.0824742 0.787645 0.14433 0.100386
0 0.0438144 0.905405 0.0876289 0.111969
0 0.510309 0.69112 0.216495 0.108108
0 0.610825 0.57529 0.159794 0.138996
0 0.806701 0.53668 0.128866 0.0772201
0 0.523196 0.339768 0.0979381 0.0540541
0 0.886598 0.326255 0.0721649 0.042471
0 0.791237 0.351351 0.0876289 0.0617761
