1 0.267273 0.371585 0.272727 0.42623
1 0.501818 0.221311 0.189091 0.125683
1 0.676364 0.196721 0.116364 0.229508
1 0.510909 0.704918 0.134545 0.163934
1 0.536364 0.407104 0.112727 0.26776
1 0.354545 0.289617 0.0909091 0.163934
1 0.236364 0.696721 0.181818 0.311475
1 0.367273 0.669399 0.138182 0.191257
1 0.769091 0.5 0.323636 0.377049
1 0.910909 0.420765 0.12 0.153005
1 0.405455 0.39071 0.127273 0.213115
1 0.654545 0.491803 0.152727 0.360656
1 0.405455 0.726776 0.0836364 0.153005
1 0.196364 0.759563 0.247273 0.437158
1 0.125455 0.696721 0.156364 0.147541
1 0.514545 0.142077 0.2 0.153005
1 0.485455 0.565574 0.149091 0.169399
1 0.0454545 0.502732 0.0836364 0.0983607
