0 0.173333 0.395556 0.337778 0.275556
0 0.588889 0.824444 0.511111 0.217778
6 0.202222 0.633333 0.182222 0.271111
0 0.14 0.808889 0.28 0.177778
0 0.802222 0.566667 0.386667 0.155556
0 0.666667 0.304444 0.586667 0.244444
0 0.753333 0.122222 0.217778 0.128889
0 0.668889 0.12 0.44 0.195556
0 0.653333 0.426667 0.311111 0.0977778
0 0.457778 0.542222 0.391111 0.213333
0 0.508889 0.682222 0.288889 0.146667
0 0.337778 0.213333 0.231111 0.124444
0 0.362222 0.4 0.288889 0.0977778
0 0.835556 0.711111 0.32 0.115556
6 0.0488889 0.655556 0.0977778 0.244444
