2 0.461894 0.814388 0.334873 0.195683
2 0.684758 0.697842 0.267898 0.148201
2 0.845843 0.730935 0.204388 0.133813
2 0.832564 0.634532 0.207852 0.0863309
2 0.586605 0.556475 0.2194 0.117266
2 0.429561 0.568345 0.136259 0.100719
0 0.379908 0.708273 0.314088 0.114388
0 0.301386 0.630216 0.212471 0.0906475
0 0.355081 0.575899 0.15358 0.0942446
0 0.300808 0.611871 0.169746 0.0798561
0 0.387413 0.61223 0.0265589 0.0273381
0 0.263383 0.617529 0.000207852 0.00052518
2 0.214203 0.810072 0.178984 0.119424
0 0.490185 0.656475 0.220554 0.102878
2 0.722286 0.595683 0.132794 0.0733813
0 0.220554 0.746403 0.207852 0.1
