0 0.6975 0.68885 0.14625 0.231634
0 0.845938 0.685825 0.175625 0.251513
0 0.303438 0.570873 0.140625 0.161625
0 0.215312 0.717805 0.135625 0.104581
0 0.328437 0.71089 0.094375 0.149525
0 0.219688 0.538029 0.119375 0.104581
0 0.344687 0.452895 0.076875 0.105445
0 0.283125 0.424373 0.1025 0.134831
0 0.357812 0.315039 0.124375 0.14261
0 0.484687 0.369922 0.081875 0.122731
0 0.425625 0.346586 0.07625 0.103717
0 0.43 0.448574 0.0975 0.110631
0 0.48 0.566119 0.1425 0.12446
0 0.628437 0.473639 0.176875 0.183232
0 0.577187 0.322818 0.070625 0.132239
0 0.53625 0.232498 0.05625 0.121003
0 0.569063 0.233362 0.123125 0.131374
0 0.510938 0.474503 0.083125 0.0864304
0 0.695625 0.404927 0.08375 0.059637
0 0.5725 0.68885 0.0975 0.100259
0 0.571562 0.590752 0.104375 0.114952
0 0.4625 0.738548 0.12125 0.114952
0 0.576875 0.761452 0.10125 0.0691443
0 0.173437 0.504754 0.135625 0.191876
2 0.44 0.675886 0.16 0.197061
2 0.674687 0.595073 0.090625 0.0907519
2 0.77375 0.494814 0.13375 0.168539
2 0.8425 0.423077 0.175 0.253241
0 0.13375 0.646067 0.09 0.059637
0 0.118125 0.703976 0.06125 0.0613656
0 0.0715625 0.740277 0.078125 0.0371651
0 0.152188 0.613656 0.079375 0.0553155
0 0.230937 0.587295 0.035625 0.0613656
0 0.625 0.299481 0.06625 0.0769231
0 0.690625 0.31115 0.07625 0.0864304
0 0.7675 0.292135 0.095 0.0985307
0 0.799063 0.257563 0.084375 0.0933449
0 0.739062 0.371651 0.056875 0.088159
0 0.630625 0.367761 0.05125 0.0751945
0 0.671875 0.366033 0.07125 0.0648228
0 0.695625 0.404927 0.0825 0.059637
0 0.364687 0.387208 0.060625 0.0570441
0 0.538125 0.399741 0.04125 0.06828
