2 0.746923 0.731695 0.201538 0.277197
2 0.588077 0.739017 0.213077 0.254184
2 0.439231 0.700837 0.175385 0.305439
2 0.354615 0.621339 0.216923 0.284519
2 0.730769 0.566423 0.0584615 0.0554393
2 0.594615 0.541841 0.215385 0.0962343
2 0.277308 0.368201 0.0807692 0.0983264
2 0.198846 0.358264 0.0561538 0.0972803
2 0.240769 0.357218 0.0507692 0.0993724
2 0.179231 0.343096 0.0369231 0.0732218
2 0.197308 0.280858 0.03 0.0470711
2 0.395 0.406904 0.159231 0.15272
0 0.5 0.46705 0.149231 0.164226
0 0.388846 0.328975 0.0807692 0.0387029
6 0.633846 0.589958 0.0292308 0.0564854
6 0.24 0.27772 0.0723077 0.0533473
0 0.238462 0.280858 0.0815385 0.0596234
