3 0.556382 0.641527 0.0198265 0.113594
3 0.480793 0.704842 0.0223048 0.117318
4 0.449814 0.723464 0.0223048 0.0986965
3 0.455081 0.679867 0.0303606 0.160479
3 0.436309 0.688437 0.0175985 0.13665
4 0.646221 0.708566 0.0309789 0.0577281
4 0.630112 0.756052 0.0433705 0.0484171
4 0.562729 0.768237 0.0622615 0.0467169
4 0.588329 0.736187 0.0366332 0.0571043
4 0.500868 0.723236 0.0203234 0.0423743
4 0.56701 0.740939 0.0212565 0.029365
4 0.608659 0.707014 0.0450756 0.0285531
6 0.51495 0.755198 0.0336183 0.0541583
0 0.539653 0.687151 0.0359356 0.0446927
4 0.5886 0.685289 0.0198265 0.0223464
0 0.659851 0.75419 0.0260223 0.0297952
3 0.347584 0.675047 0.0185874 0.124767
4 0.363073 0.679702 0.0223048 0.0633147
4 0.359356 0.627561 0.0148699 0.0372439
3 0.394672 0.659218 0.0185874 0.0893855
3 0.417727 0.716052 0.0225663 0.143464
3 0.414129 0.663273 0.0104151 0.0528026
6 0.39458 0.756755 0.0283172 0.0386499
0 0.47026 0.782123 0.0408922 0.0446927
4 0.525351 0.709736 0.0370706 0.0451695
4 0.552922 0.724942 0.0327336 0.0420633
0 0.355019 0.742086 0.0285006 0.0465549
4 0.394052 0.716015 0.0297398 0.0353818
4 0.488228 0.215084 0.0247831 0.027933
4 0.488228 0.182495 0.0223048 0.0297952
0 0.450434 0.20298 0.0309789 0.0558659
6 0.511152 0.216015 0.0285006 0.0297952
6 0.509913 0.185289 0.023544 0.027933
