2 0.874829 0.884381 0.206566 0.227181
2 0.642271 0.903651 0.195622 0.188641
2 0.440492 0.839757 0.166895 0.182556
2 0.246922 0.901623 0.173735 0.192698
2 0.138851 0.893509 0.146375 0.208925
2 0.402873 0.731237 0.187415 0.176471
2 0.491108 0.953347 0.112175 0.0892495
2 0.437756 0.351927 0.164159 0.208925
2 0.436389 0.60142 0.177839 0.208925
2 0.259918 0.374239 0.216142 0.15213
2 0.762654 0.345842 0.280438 0.35497
2 0.924077 0.659229 0.129959 0.551724
6 0.669578 0.430183 0.0340944 0.0449493
1 0.343365 0.533469 0.0848153 0.194726
1 0.841313 0.561866 0.213406 0.332657
