3 0.545946 0.849716 0.235676 0.1569
3 0.713514 0.844045 0.11027 0.213611
3 0.928649 0.648393 0.0864865 0.461248
3 0.855135 0.616257 0.0778378 0.442344
3 0.904865 0.499055 0.0410811 0.245747
3 0.979459 0.741021 0.0345946 0.306238
3 0.977297 0.519849 0.0367568 0.253308
3 0.937838 0.414934 0.0378378 0.194707
3 0.91027 0.358223 0.0259459 0.0548204
3 0.506486 0.592628 0.0594595 0.395085
3 0.783784 0.809074 0.0627027 0.200378
3 0.418378 0.758034 0.112432 0.200378
3 0.417297 0.758979 0.112432 0.202268
3 0.371351 0.752363 0.143784 0.200378
3 0.563784 0.708885 0.0637838 0.155009
3 0.32 0.710775 0.0886486 0.200378
3 0.219459 0.603025 0.142703 0.0869565
3 0.323243 0.616257 0.0908108 0.132325
3 0.63027 0.365784 0.0324324 0.164461
3 0.302162 0.438563 0.0443243 0.268431
3 0.180541 0.406427 0.0518919 0.283554
3 0.244324 0.455577 0.0540541 0.204159
3 0.222703 0.360113 0.0281081 0.20983
3 0.114201 0.449232 0.0381308 0.165004
3 0.129189 0.375236 0.0443243 0.26276
3 0.052973 0.346881 0.0367568 0.26276
3 0.0859459 0.36673 0.0356757 0.257089
3 0.155135 0.561437 0.0854054 0.0982987
3 0.348649 0.511342 0.04 0.0775047
3 0.415676 0.395085 0.0205405 0.094518
3 0.33027 0.418715 0.027027 0.145558
3 0.367027 0.365784 0.0421622 0.0699433
3 0.326486 0.311909 0.0324324 0.162571
3 0.397838 0.331758 0.0345946 0.134216
3 0.567568 0.600189 0.0605405 0.119093
0 0.717838 0.521739 0.237838 0.495274
0 0.511186 0.458846 0.237507 0.358146
0 0.467027 0.120038 0.162162 0.232514
0 0.334054 0.0652174 0.103784 0.122873
0 0.342162 0.208885 0.109189 0.190926
0 0.477297 0.281664 0.154595 0.124764
