5 0.769091 0.290323 0.26 0.0673212
5 0.341818 0.141655 0.0654545 0.0504909
5 0.16 0.223703 0.32 0.16129
5 0.603182 0.814165 0.168182 0.0771388
5 0.881364 0.368864 0.235455 0.210379
5 0.759091 0.493689 0.230909 0.333801
5 0.792273 0.327489 0.220909 0.0546985
5 0.133636 0.868864 0.0763636 0.0490884
5 0.139545 0.854839 0.0354545 0.0350631
5 0.180909 0.85554 0.04 0.0420757
5 0.0745455 0.875175 0.149091 0.0813464
5 0.327273 0.846424 0.247273 0.0715288
5 0.950909 0.471248 0.0963636 0.168303
5 0.44 0.327489 0.38 0.654979
5 0.116818 0.596073 0.233636 0.387097
5 0.904091 0.140252 0.19 0.0308555
5 0.455455 0.658485 0.201818 0.12202
5 0.178182 0.157083 0.205455 0.0504909
5 0.600455 0.199158 0.0463636 0.182328
5 0.561818 0.41655 0.0436364 0.196353
5 0.74 0.145863 0.0763636 0.115007
6 0.677273 0.0701262 0.0545455 0.0645161
6 0.699545 0.145161 0.0990909 0.217391
5 0.935455 0.748247 0.127273 0.287518
6 0.761364 0.86115 0.11 0.0869565
5 0.279545 0.126928 0.13 0.11641
6 0.883636 0.0890603 0.0909091 0.0518934
5 0.931364 0.573633 0.0936364 0.381487
5 0.909545 0.0490884 0.122727 0.0617111
5 0.352727 0.678822 0.147273 0.0308555
5 0.776364 0.0518934 0.1 0.103787
5 0.902727 0.230715 0.192727 0.029453
