6 0.533588 0.280251 0.0778626 0.0787671
4 0.774046 0.365868 0.0885496 0.0490868
4 0.807634 0.486872 0.070229 0.0696347
4 0.832061 0.650114 0.0946565 0.0810502
4 0.501527 0.594178 0.0992366 0.0582192
4 0.371756 0.533676 0.108397 0.0650685
4 0.248855 0.460616 0.0793893 0.0627854
4 0.374809 0.452626 0.11145 0.0605023
4 0.306107 0.434361 0.0534351 0.0582192
4 0.370992 0.405251 0.0763359 0.043379
6 0.622137 0.432078 0.0656489 0.108447
4 0.563359 0.430365 0.0549618 0.0319635
4 0.545038 0.458904 0.0824427 0.0502283
6 0.548066 0.396969 0.103765 0.0359463
6 0.455763 0.440461 0.0535099 0.0727032
6 0.343889 0.362207 0.0893038 0.0645959
