4 0.931885 0.800741 0.134255 0.205926
4 0.65844 0.7 0.138203 0.173333
4 0.3154 0.721481 0.154985 0.162963
4 0.0547878 0.665185 0.109576 0.142222
4 0.0893386 0.515556 0.133268 0.118519
4 0.471372 0.287407 0.12537 0.151111
4 0.401283 0.491111 0.137216 0.164444
4 0.268509 0.47037 0.0848963 0.161481
4 0.137216 0.552593 0.116486 0.145185
6 0.167818 0.621481 0.116486 0.362963
6 0.542448 0.595556 0.277394 0.331852
4 0.65844 0.598519 0.153998 0.195556
4 0.371175 0.406667 0.116486 0.12
6 0.547384 0.314074 0.218164 0.171852
6 0.739388 0.362963 0.165844 0.115556
6 0.650049 0.404444 0.15696 0.127407
4 0.51382 0.438519 0.11155 0.139259
6 0.295656 0.354815 0.103653 0.185185
3 0.393386 0.187407 0.198421 0.117037
3 0.384282 0.29815 0.115059 0.104447
6 0.293189 0.586667 0.134255 0.148148
6 0.15844 0.432593 0.0878578 0.127407
6 0.520237 0.536296 0.248766 0.228148
6 0.394867 0.443704 0.167818 0.134815
