4 0.353591 0.176641 0.0883978 0.0791506
4 0.396409 0.21139 0.151934 0.0598456
4 0.294199 0.28668 0.151934 0.0752896
6 0.439227 0.317568 0.121547 0.0289575
0 0.462707 0.359073 0.0469613 0.0501931
4 0.493094 0.235521 0.0469613 0.034749
0 0.463167 0.198205 0.130754 0.0605019
6 0.294436 0.332365 0.0861105 0.0353861
0 0.226001 0.311354 0.0597376 0.0319749
6 0.432233 0.347106 0.057837 0.0417027
4 0.287293 0.790541 0.0828729 0.0675676
0 0.197514 0.72973 0.058011 0.0656371
0 0.762431 0.798263 0.0883978 0.0444015
0 0.383978 0.823359 0.127072 0.0752896
0 0.667127 0.78668 0.11326 0.0868726
6 0.78453 0.721042 0.176796 0.0830116
0 0.498619 0.906371 0.140884 0.121622
5 0.151934 0.807915 0.0718232 0.0637066
5 0.912983 0.857143 0.0469613 0.0579151
6 0.41989 0.277255 0.0939227 0.0487181
