3 0.708417 0.401927 0.238477 0.148526
3 0.485649 0.388135 0.253864 0.136815
4 0.409158 0.334631 0.136954 0.0706224
3 0.640867 0.215124 0.203577 0.0833084
3 0.291583 0.225057 0.130261 0.130385
3 0.166333 0.239229 0.116232 0.0929705
3 0.151303 0.312925 0.174349 0.0702948
3 0.202405 0.477324 0.12024 0.0793651
3 0.198397 0.565193 0.160321 0.0873016
3 0.3998 0.675737 0.567134 0.106576
3 0.661323 0.654762 0.192385 0.105442
3 0.581162 0.511338 0.180361 0.192744
3 0.339679 0.50907 0.218437 0.256236
3 0.719439 0.592971 0.116232 0.0929705
3 0.796593 0.64059 0.0741483 0.0544218
4 0.765531 0.533447 0.160321 0.0804989
3 0.782565 0.488095 0.134269 0.0487528
3 0.749499 0.306122 0.124248 0.147392
3 0.606212 0.313492 0.238477 0.12585
3 0.516032 0.247732 0.142285 0.0804989
3 0.443888 0.206349 0.166333 0.0657596
3 0.191383 0.398526 0.134269 0.0736961
4 0.546988 0.20351 0.0518918 0.0646168
3 0.708895 0.188935 0.10316 0.0558753
4 0.338612 0.429548 0.05999 0.0314308
3 0.439611 0.443423 0.105675 0.0999989
