6 0.103808 0.870994 0.0951949 0.171474
6 0.400272 0.862981 0.080689 0.145833
6 0.228468 0.401442 0.0779692 0.126603
6 0.924297 0.280449 0.0516772 0.0961538
6 0.900272 0.228365 0.0562103 0.088141
6 0.709882 0.125801 0.0543971 0.0753205
6 0.826383 0.0649038 0.0534905 0.0304487
6 0.707162 0.0697115 0.0580236 0.0336538
6 0.766999 0.107372 0.0271985 0.0416667
6 0.13146 0.126603 0.0507706 0.0769231
6 0.382593 0.478365 0.0670898 0.0945513
0 0.336355 0.737179 0.0979148 0.115385
0 0.0897552 0.0801282 0.0326383 0.0448718
6 0.739628 0.498425 0.0395467 0.0449263
6 0.672677 0.438607 0.0670227 0.0214455
6 0.424772 0.323776 0.0589719 0.0481939
6 0.338435 0.359252 0.0603699 0.0935048
6 0.286832 0.313075 0.0913436 0.100508
6 0.35623 0.261351 0.0687616 0.0835994
6 0.344573 0.300123 0.0780852 0.0842196
0 0.413016 0.532164 0.0626591 0.077149
0 0.496528 0.365307 0.0374796 0.0479215
0 0.953795 0.04973 0.0526491 0.0609984
0 0.910179 0.0513726 0.0578921 0.048258
