0 0.761882 0.924006 0.221483 0.149148
6 0.870722 0.59517 0.0570342 0.150568
6 0.765684 0.599432 0.135932 0.1875
0 0.218631 0.683239 0.437262 0.366477
0 0.343156 0.581676 0.140684 0.146307
6 0.639734 0.583807 0.138783 0.0909091
6 0.70057 0.414062 0.11597 0.0923295
0 0.667776 0.43892 0.0846008 0.0568182
0 0.611217 0.404119 0.0779468 0.0525568
0 0.766635 0.285511 0.0693916 0.0397727
0 0.817966 0.246449 0.0636882 0.0411932
0 0.846958 0.204545 0.0532319 0.0369318
0 0.722433 0.203125 0.0513308 0.0681818
0 0.226711 0.246449 0.0636882 0.0582386
0 0.354087 0.463068 0.0712928 0.0511364
0 0.263783 0.291903 0.0941065 0.0440341
0 0.469582 0.506392 0.1673 0.0809659
6 0.579373 0.465199 0.088403 0.0639205
6 0.541825 0.302557 0.0570342 0.09375
6 0.580798 0.287642 0.0532319 0.0752841
0 0.623099 0.28125 0.0408745 0.0539773
0 0.659221 0.296165 0.0370722 0.0440341
0 0.519487 0.266335 0.0351711 0.0269886
0 0.559276 0.237715 0.0501103 0.0322486
0 0.472909 0.299006 0.0712928 0.0411932
6 0.390209 0.397017 0.535171 0.208807
6 0.501426 0.62571 0.196768 0.163352
6 0.948194 0.571733 0.101711 0.106534
0 0.947243 0.513494 0.103612 0.0809659
