2 0.125171 0.884381 0.206566 0.227181
2 0.357729 0.903651 0.195622 0.188641
2 0.559508 0.839757 0.166895 0.182556
2 0.753078 0.901623 0.173735 0.192698
2 0.861149 0.893509 0.146375 0.208925
2 0.597127 0.731237 0.187415 0.176471
2 0.508892 0.953347 0.112175 0.0892495
2 0.562244 0.351927 0.164159 0.208925
2 0.563611 0.60142 0.177839 0.208925
2 0.740082 0.374239 0.216142 0.15213
2 0.237346 0.345842 0.280438 0.35497
2 0.0759234 0.659229 0.129959 0.551724
6 0.330317 0.430183 0.0340944 0.0449493
1 0.656635 0.533469 0.0848153 0.194726
1 0.158687 0.561866 0.213406 0.332657
