6 0.186508 0.919463 0.316327 0.158837
4 0.335601 0.674497 0.154195 0.1566
4 0.200113 0.569351 0.162132 0.131991
4 0.263039 0.482662 0.179138 0.0816555
4 0.378118 0.38255 0.153061 0.152125
4 0.621315 0.647651 0.0997732 0.098434
4 0.72619 0.691834 0.173469 0.135347
4 0.663265 0.564877 0.183673 0.154362
4 0.566893 0.450783 0.170068 0.12528
4 0.709751 0.5 0.126984 0.0939597
4 0.803855 0.614653 0.126984 0.175615
4 0.502268 0.69519 0.183673 0.119687
4 0.533447 0.804251 0.159864 0.098434
4 0.631519 0.779642 0.0997732 0.100671
4 0.418934 0.502237 0.155329 0.0894855
4 0.462018 0.611298 0.171202 0.121924
4 0.435941 0.431208 0.0895692 0.0548098
4 0.581066 0.395414 0.0782313 0.0659955
4 0.499433 0.373043 0.085034 0.0928412
4 0.306122 0.566555 0.136054 0.0838926
4 0.479025 0.567114 0.171202 0.098434
4 0.418367 0.771253 0.104308 0.10179
4 0.514739 0.88255 0.0861678 0.0581655
4 0.542517 0.642617 0.0600907 0.0659955
4 0.371315 0.586689 0.0646259 0.0727069
