4 0.494253 0.297001 0.252874 0.0657439
6 0.65977 0.331027 0.156322 0.117647
6 0.825287 0.379469 0.335632 0.133795
6 0.398851 0.401384 0.416092 0.205306
6 0.103448 0.450404 0.183908 0.134948
4 0.502299 0.528258 0.291954 0.0991926
4 0.555172 0.441176 0.287356 0.100346
4 0.705747 0.532295 0.170115 0.139562
4 0.775862 0.570358 0.218391 0.125721
4 0.806897 0.641869 0.367816 0.247982
4 0.457471 0.719146 0.317241 0.151096
4 0.229885 0.628604 0.335632 0.138408
4 0.103448 0.555363 0.170115 0.0818916
4 0.185057 0.492503 0.186207 0.0738178
4 0.417241 0.613033 0.062069 0.0565167
4 0.23908 0.569204 0.142529 0.0542099
4 0.54023 0.652826 0.183908 0.143022
6 0.298851 0.72203 0.275862 0.122261
4 0.711494 0.758362 0.195402 0.0703576
6 0.903448 0.66609 0.17931 0.151096
4 0.804598 0.43714 0.225287 0.122261
6 0.904598 0.486736 0.172414 0.0853518
