4 0.505747 0.297001 0.252874 0.0657439
6 0.34023 0.331027 0.156322 0.117647
6 0.174713 0.379469 0.335632 0.133795
6 0.601149 0.401384 0.416092 0.205306
6 0.896552 0.450404 0.183908 0.134948
4 0.497701 0.528258 0.291954 0.0991926
4 0.444828 0.441176 0.287356 0.100346
4 0.294253 0.532295 0.170115 0.139562
4 0.224138 0.570358 0.218391 0.125721
4 0.193103 0.641869 0.367816 0.247982
4 0.542529 0.719146 0.317241 0.151096
4 0.770115 0.628604 0.335632 0.138408
4 0.896552 0.555363 0.170115 0.0818916
4 0.814943 0.492503 0.186207 0.0738178
4 0.582759 0.613033 0.062069 0.0565167
4 0.76092 0.569204 0.142529 0.0542099
4 0.45977 0.652826 0.183908 0.143022
6 0.701149 0.72203 0.275862 0.122261
4 0.288506 0.758362 0.195402 0.0703576
6 0.0965517 0.66609 0.17931 0.151096
4 0.195402 0.43714 0.225287 0.122261
6 0.0954023 0.486736 0.172414 0.0853518
