5 0.230909 0.290323 0.26 0.0673212
5 0.658182 0.141655 0.0654545 0.0504909
5 0.84 0.223703 0.32 0.16129
5 0.396818 0.814165 0.168182 0.0771388
5 0.118636 0.368864 0.235455 0.210379
5 0.240909 0.493689 0.230909 0.333801
5 0.207727 0.327489 0.220909 0.0546985
5 0.866364 0.868864 0.0763636 0.0490884
5 0.860455 0.854839 0.0354545 0.0350631
5 0.819091 0.85554 0.04 0.0420757
5 0.925455 0.875175 0.149091 0.0813464
5 0.672727 0.846424 0.247273 0.0715288
5 0.0490909 0.471248 0.0963636 0.168303
5 0.56 0.327489 0.38 0.654979
5 0.883182 0.596073 0.233636 0.387097
5 0.0959091 0.140252 0.19 0.0308555
5 0.544545 0.658485 0.201818 0.12202
5 0.821818 0.157083 0.205455 0.0504909
5 0.399545 0.199158 0.0463636 0.182328
5 0.438182 0.41655 0.0436364 0.196353
5 0.26 0.145863 0.0763636 0.115007
6 0.322727 0.0701262 0.0545455 0.0645161
6 0.300455 0.145161 0.0990909 0.217391
5 0.0645455 0.748247 0.127273 0.287518
6 0.238636 0.86115 0.11 0.0869565
5 0.720455 0.126928 0.13 0.11641
6 0.116364 0.0890603 0.0909091 0.0518934
5 0.0686364 0.573633 0.0936364 0.381487
5 0.0904545 0.0490884 0.122727 0.0617111
5 0.647273 0.678822 0.147273 0.0308555
5 0.223636 0.0518934 0.1 0.103787
5 0.0972727 0.230715 0.192727 0.029453
