6 0.528846 0.700422 0.0673077 0.0787623
6 0.720553 0.718003 0.0829327 0.0464135
6 0.746995 0.680731 0.0396635 0.0337553
6 0.111178 0.822785 0.046875 0.0815752
6 0.192308 0.388889 0.0697115 0.0914205
6 0.323918 0.365682 0.0516827 0.0787623
6 0.780048 0.492968 0.0480769 0.0773558
6 0.0739183 0.967651 0.0420673 0.0618847
6 0.484976 0.289733 0.0516827 0.0787623
2 0.0715144 0.365682 0.138221 0.213783
2 0.152644 0.261603 0.151442 0.188467
2 0.374399 0.187764 0.0925481 0.102672
2 0.445312 0.416315 0.126202 0.177215
2 0.583534 0.343179 0.138221 0.132208
2 0.540865 0.412799 0.0817308 0.0886076
2 0.576322 0.655415 0.123798 0.101266
2 0.356971 0.729958 0.100962 0.101266
2 0.215144 0.694093 0.233173 0.237693
2 0.170072 0.0879044 0.13101 0.0857947
2 0.0504808 0.0794655 0.0600962 0.0998594
2 0.256611 0.179325 0.164663 0.116737
2 0.666466 0.410689 0.114183 0.106892
2 0.65024 0.5 0.09375 0.11955
2 0.482572 0.57173 0.0637019 0.0604782
2 0.640024 0.559072 0.0685096 0.0829817
2 0.336538 0.504923 0.153846 0.151899
2 0.629207 0.83052 0.186298 0.0914205
2 0.828726 0.0942335 0.140625 0.0675105
0 0.240385 0.206048 0.129808 0.122363
0 0.669471 0.16948 0.185096 0.218003
0 0.492188 0.132911 0.0516827 0.0773558
0 0.453125 0.0815752 0.0408654 0.0843882
0 0.440505 0.836146 0.21274 0.147679
2 0.287861 0.915612 0.22476 0.157525
2 0.295072 0.874824 0.229567 0.157525
2 0.579928 0.73488 0.106971 0.108298
2 0.409856 0.453586 0.0576923 0.127989
6 0.522236 0.520394 0.0516827 0.0675105
2 0.855168 0.395218 0.0661058 0.0956399
2 0.447716 0.199015 0.0901442 0.11955
0 0.479567 0.940928 0.151442 0.0843882
0 0.884014 0.171589 0.0877404 0.104079
2 0.804688 0.222925 0.0829327 0.105485
2 0.717548 0.535162 0.127404 0.206751
2 0.733774 0.640647 0.0805288 0.0801688
6 0.560697 0.485935 0.0973558 0.0661041
2 0.134615 0.0302391 0.170673 0.0604782
2 0.253005 0.0464135 0.0733173 0.092827
2 0.17488 0.454993 0.0997596 0.181435
