6 0.831791 0.352578 0.253995 0.28139
4 0.582002 0.628924 0.0925147 0.251121
6 0.122372 0.712444 0.147183 0.297085
4 0.235913 0.774664 0.1455 0.213004
4 0.489487 0.631726 0.0941968 0.193946
6 0.277124 0.638453 0.164003 0.131166
3 0.67746 0.668161 0.108495 0.352018
3 0.788057 0.714686 0.134567 0.377803
3 0.860807 0.57343 0.0462574 0.0773543
3 0.891085 0.753363 0.120269 0.280269
1 0.783011 0.494395 0.23381 0.244395
2 0.360807 0.287556 0.721615 0.4787
4 0.380572 0.641256 0.126997 0.190583
1 0.639613 0.494955 0.180824 0.110987
