2 0.430438 0.631164 0.0868465 0.177515
2 0.182968 0.416174 0.123103 0.232742
2 0.41231 0.2643 0.079258 0.110454
2 0.505481 0.262327 0.0682968 0.114398
2 0.285413 0.426036 0.0935919 0.169625
2 0.232293 0.283037 0.0952782 0.136095
2 0.250843 0.153846 0.0615514 0.189349
2 0.355396 0.37574 0.0716695 0.159763
2 0.187184 0.595661 0.0775717 0.118343
2 0.125211 0.606509 0.0480607 0.108481
2 0.0413153 0.592702 0.0826307 0.147929
2 0.108347 0.567061 0.0514334 0.0729783
2 0.403879 0.440828 0.0775717 0.100592
2 0.451096 0.466469 0.0623946 0.104536
2 0.530776 0.365878 0.0733558 0.128205
2 0.675379 0.623274 0.104553 0.213018
2 0.325042 0.517751 0.0632378 0.0887574
2 0.703626 0.514793 0.139123 0.18146
2 0.637437 0.312623 0.0826307 0.120316
2 0.434233 0.354043 0.0607083 0.120316
2 0.60371 0.392505 0.06914 0.086785
2 0.442664 0.211045 0.0556492 0.0749507
2 0.566189 0.246548 0.0514334 0.086785
2 0.252951 0.556213 0.0556492 0.0907298
2 0.532462 0.623274 0.0666105 0.0986193
2 0.892917 0.58284 0.0539629 0.108481
2 0.104553 0.408284 0.0505902 0.0907298
