4 0.540984 0.455668 0.160954 0.199776
4 0.701937 0.487093 0.166915 0.112233
4 0.631893 0.659933 0.181818 0.17284
0 0.138599 0.656004 0.149031 0.214366
4 0.745902 0.90853 0.183308 0.180696
4 0.19076 0.847924 0.220566 0.147026
0 0.380775 0.826038 0.168405 0.123457
6 0.38301 0.506173 0.163934 0.103255
4 0.177347 0.507856 0.113264 0.0729517
0 0.705663 0.41358 0.076006 0.0527497
0 0.768256 0.560045 0.108793 0.105499
6 0.54769 0.569585 0.19225 0.102132
0 0.823398 0.689113 0.210134 0.0695847
0 0.444113 0.679012 0.184799 0.0785634
6 0.575261 0.817621 0.149031 0.142536
4 0.523845 0.929293 0.198212 0.107744
6 0.752608 0.253086 0.485842 0.497194
6 0.815555 0.671319 0.337519 0.233772
