6 0.363014 0.592179 0.108067 0.0865922
6 0.618721 0.772346 0.144597 0.103352
2 0.894977 0.690642 0.210046 0.157821
2 0.933029 0.451816 0.133942 0.0935754
1 0.436834 0.857542 0.146119 0.0977654
5 0.671233 0.567039 0.143075 0.26257
2 0.512938 0.217877 0.0821918 0.0614525
2 0.950533 0.266061 0.0989346 0.0684358
2 0.265601 0.580307 0.229833 0.21648
2 0.340183 0.24162 0.150685 0.0670391
2 0.81583 0.458101 0.133942 0.106145
2 0.0380518 0.519553 0.0730594 0.103352
2 0.436834 0.945531 0.286149 0.106145
2 0.311263 0.851257 0.16895 0.138268
2 0.186454 0.927374 0.232877 0.142458
2 0.929224 0.194134 0.126332 0.0558659
2 0.506088 0.289804 0.0928463 0.0768156
2 0.574581 0.349162 0.105023 0.111732
2 0.158295 0.398045 0.191781 0.0893855
