4 0.165773 0.741582 0.136729 0.304714
6 0.313226 0.545455 0.120643 0.191919
4 0.940572 0.349327 0.0831099 0.0555556
0 0.428954 0.79798 0.223414 0.340067
6 0.621984 0.605219 0.421805 0.227273
0 0.420018 0.263468 0.0661305 0.0757576
6 0.563003 0.300505 0.121537 0.122896
0 0.33378 0.340067 0.147453 0.0909091
6 0.6479 0.406566 0.221626 0.136364
5 0.747989 0.694444 0.109026 0.0858586
5 0.211526 0.426972 0.0888248 0.0559646
5 0.382038 0.683502 0.0902592 0.0740741
5 0.862824 0.590909 0.111707 0.0774411
5 0.975871 0.670034 0.0464701 0.040404
5 0.959339 0.563131 0.049151 0.0252525
0 0.335567 0.259259 0.0527256 0.040404
6 0.456211 0.335859 0.049151 0.0420875
5 0.736819 0.372896 0.0420018 0.0353535
5 0.801162 0.306397 0.0294906 0.020202
5 0.730563 0.479798 0.0563003 0.0606061
5 0.559428 0.479798 0.0857909 0.043771
5 0.644325 0.475589 0.0822163 0.0454545
0 0.761841 0.457071 0.054513 0.0420875
5 0.707328 0.458754 0.0277033 0.0555556
0 0.512064 0.383838 0.0643432 0.0740741
6 0.737597 0.319426 0.0292592 0.0428923
0 0.223414 0.570707 0.0661305 0.0538721
0 0.68588 0.319024 0.077748 0.0454545
6 0.739053 0.294613 0.051832 0.03367
4 0.353887 0.287879 0.0142985 0.023569
5 0.660411 0.362795 0.0393208 0.0319865
5 0.719392 0.353535 0.0250223 0.016835
5 0.675603 0.289562 0.0160858 0.016835
5 0.680071 0.272727 0.0160858 0.00673401
5 0.642589 0.307307 0.0394227 0.0287559
5 0.485255 0.302189 0.0357462 0.0319865
