4 0.53125 0.180822 0.275735 0.164384
4 0.419118 0.30411 0.161765 0.10411
4 0.481618 0.412329 0.117647 0.145205
4 0.419118 0.626027 0.242647 0.134247
4 0.443015 0.787671 0.136029 0.139726
4 0.794118 0.59863 0.227941 0.0958904
4 0.676471 0.517808 0.132353 0.115068
4 0.654412 0.461644 0.169118 0.0794521
4 0.330882 0.467123 0.198529 0.10137
4 0.553309 0.752055 0.143382 0.134247
4 0.590074 0.630137 0.0845588 0.060274
0 0.665441 0.673973 0.154412 0.131507
4 0.520221 0.532877 0.172794 0.090411
0 0.235294 0.635616 0.125 0.109589
0 0.336397 0.575342 0.128676 0.0931507
