3 0.25088 0.327128 0.107394 0.0478723
6 0.433979 0.174202 0.0545775 0.0984043
6 0.462148 0.529255 0.068662 0.138298
6 0.399648 0.486702 0.105634 0.12234
6 0.330986 0.448138 0.0809859 0.119681
6 0.287852 0.389628 0.0792254 0.0930851
0 0.168134 0.327128 0.0827465 0.0691489
6 0.941021 0.259309 0.0580986 0.0718085
6 0.706866 0.480053 0.135563 0.109043
5 0.498239 0.583777 0.056338 0.0930851
6 0.220951 0.507979 0.0651408 0.0904255
1 0.648768 0.25133 0.110915 0.0558511
5 0.647007 0.18883 0.0616197 0.0797872
5 0.830106 0.087766 0.068662 0.0531915
5 0.301056 0.711436 0.18662 0.210106
