6 0.867021 0.693824 0.166667 0.086728
4 0.716312 0.440867 0.035461 0.0459921
4 0.692376 0.714192 0.125887 0.0512484
4 0.746454 0.54862 0.0531915 0.064389
6 0.679965 0.598555 0.157801 0.088042
6 0.705674 0.509855 0.117021 0.0473062
4 0.64273 0.458607 0.0443262 0.0446781
3 0.489362 0.477004 0.106383 0.0473062
6 0.314716 0.510512 0.108156 0.109067
3 0.287234 0.544021 0.0638298 0.086728
3 0.240248 0.570959 0.0407801 0.0906702
4 0.485816 0.708936 0.0886525 0.0381078
4 0.442376 0.677398 0.12234 0.0565046
4 0.41844 0.645861 0.0780142 0.0354796
0 0.345745 0.629435 0.0602837 0.065703
4 0.397163 0.591984 0.0744681 0.0670171
3 0.532801 0.582786 0.0620567 0.0827858
0 0.592199 0.463206 0.0531915 0.0354796
0 0.614362 0.524967 0.0833333 0.0591327
0 0.468972 0.616951 0.0620567 0.0591327
0 0.714539 0.674113 0.070922 0.0446781
3 0.578014 0.599212 0.0390071 0.0893561
4 0.507979 0.523653 0.0656028 0.0617608
0 0.451241 0.51117 0.0691489 0.0262812
0 0.224291 0.684625 0.147163 0.102497
6 0.29078 0.643233 0.0638298 0.043364
