3 0.443618 0.641527 0.0198265 0.113594
3 0.519207 0.704842 0.0223048 0.117318
4 0.550186 0.723464 0.0223048 0.0986965
3 0.5443 0.679867 0.0303606 0.160479
3 0.563942 0.688437 0.0175985 0.13665
4 0.353779 0.708566 0.0309789 0.0577281
4 0.369888 0.756052 0.0433705 0.0484171
4 0.437574 0.768237 0.0622615 0.0467169
4 0.412369 0.736187 0.0366332 0.0571043
4 0.49839 0.723236 0.0203234 0.0423743
4 0.431942 0.740939 0.0212565 0.029365
4 0.391807 0.707013 0.0450756 0.0285512
6 0.485211 0.755198 0.0336183 0.0541583
0 0.460347 0.687151 0.0359356 0.0446927
4 0.4114 0.685289 0.0198265 0.0223464
0 0.340149 0.75419 0.0260223 0.0297952
3 0.652416 0.675047 0.0185874 0.124767
4 0.636927 0.679702 0.0223048 0.0633147
4 0.640644 0.627561 0.0148699 0.0372439
3 0.605328 0.659218 0.0185874 0.0893855
3 0.582535 0.716052 0.0225663 0.143464
3 0.586372 0.663273 0.0104151 0.0528026
6 0.605237 0.756755 0.0283172 0.0386499
0 0.52974 0.782123 0.0408922 0.0446927
4 0.474545 0.709735 0.0370706 0.0451676
4 0.446354 0.724942 0.0327336 0.0420633
0 0.644981 0.742086 0.0285006 0.0465549
4 0.605948 0.716015 0.0297398 0.0353818
4 0.511772 0.215084 0.0247831 0.027933
4 0.511772 0.182495 0.0223048 0.0297952
0 0.549566 0.20298 0.0309789 0.0558659
6 0.488848 0.216015 0.0285006 0.0297952
6 0.490087 0.185289 0.023544 0.027933
