6 0.216939 0.611422 0.205052 0.145577
6 0.875186 0.6271 0.225854 0.156775
4 0.669391 0.608063 0.173848 0.239642
4 0.593611 0.740202 0.248143 0.19037
3 0.34844 0.550952 0.405646 0.241881
6 0.40416 0.428891 0.344725 0.275476
6 0.213224 0.239642 0.414562 0.360582
6 0.462853 0.198208 0.316493 0.241881
4 0.694651 0.387458 0.150074 0.203807
6 0.796434 0.470325 0.115899 0.143337
3 0.636701 0.496081 0.144131 0.12542
6 0.400446 0.806271 0.26003 0.170213
0 0.31055 0.744121 0.109955 0.0862262
0 0.457652 0.898656 0.0505201 0.0302352
0 0.261516 0.785554 0.0713224 0.0727884
0 0.475483 0.790034 0.166419 0.1243
0 0.562407 0.358903 0.0995542 0.131019
6 0.799406 0.347704 0.15156 0.12206
