4 0.657421 0.56982 0.448276 0.168919
5 0.455772 0.567005 0.344828 0.278153
4 0.146177 0.457207 0.253373 0.182432
4 0.746627 0.302928 0.266867 0.204955
4 0.433283 0.321509 0.284858 0.224099
4 0.214393 0.318694 0.194903 0.121622
4 0.312594 0.400901 0.226387 0.15991
4 0.226387 0.587275 0.251874 0.185811
4 0.461019 0.471847 0.148426 0.0878378
4 0.7009 0.440315 0.322339 0.108108
4 0.544228 0.307432 0.182909 0.103604
4 0.595202 0.801239 0.272864 0.224099
4 0.33958 0.771396 0.304348 0.222973
4 0.818591 0.70214 0.149925 0.188063
