4 0.58156 0.432268 0.0364742 0.103501
4 0.533435 0.437595 0.0536981 0.0898021
4 0.331307 0.37519 0.0668693 0.0593607
6 0.794833 0.857686 0.0800405 0.2207
6 0.687437 0.866819 0.0921986 0.238965
6 0.740628 0.805936 0.0668693 0.199391
4 0.412361 0.646119 0.0851064 0.0898021
4 0.241135 0.547945 0.111449 0.0852359
4 0.463019 0.571537 0.0567376 0.141553
3 0.240628 0.445967 0.0759878 0.149163
3 0.190476 0.490868 0.0547112 0.147641
3 0.155015 0.452055 0.08308 0.161339
3 0.420466 0.296043 0.0344478 0.0410959
4 0.406788 0.559361 0.0678825 0.108067
4 0.570922 0.542618 0.0921986 0.0684932
4 0.495441 0.51446 0.0607903 0.106545
0 0.516717 0.578387 0.0729483 0.0578387
4 0.469098 0.445205 0.0729483 0.0410959
4 0.390578 0.410198 0.0739615 0.0380518
4 0.390071 0.452816 0.0749747 0.04414
4 0.419959 0.484018 0.0861196 0.0547945
4 0.43769 0.394977 0.0506586 0.0563166
4 0.325735 0.554795 0.0516717 0.086758
4 0.367275 0.566971 0.0496454 0.065449
6 0.321175 0.678082 0.0303951 0.117199
6 0.183891 0.739726 0.0334347 0.0700152
6 0.278116 0.718417 0.0395137 0.0395738
