4 0.646409 0.176641 0.0883978 0.0791506
4 0.603591 0.21139 0.151934 0.0598456
4 0.705801 0.28668 0.151934 0.0752896
6 0.560773 0.317568 0.121547 0.0289575
0 0.537293 0.359073 0.0469613 0.0501931
4 0.506906 0.235521 0.0469613 0.034749
0 0.537753 0.198205 0.130754 0.0605019
6 0.706037 0.332366 0.0861077 0.035388
0 0.775725 0.311355 0.0597376 0.0319768
6 0.567591 0.347106 0.0578343 0.0417027
4 0.712707 0.790541 0.0828729 0.0675676
0 0.802486 0.72973 0.058011 0.0656371
0 0.237569 0.798263 0.0883978 0.0444015
0 0.616022 0.823359 0.127072 0.0752896
0 0.332873 0.78668 0.11326 0.0868726
6 0.21547 0.721042 0.176796 0.0830116
0 0.501381 0.906371 0.140884 0.121622
5 0.848066 0.807915 0.0718232 0.0637066
5 0.0870166 0.857143 0.0469613 0.0579151
6 0.58011 0.277254 0.0939227 0.0487162
