3 0.74912 0.327128 0.107394 0.0478723
6 0.566021 0.174202 0.0545775 0.0984043
6 0.537852 0.529255 0.068662 0.138298
6 0.600352 0.486702 0.105634 0.12234
6 0.669014 0.448138 0.0809859 0.119681
6 0.712148 0.389628 0.0792254 0.0930851
0 0.831866 0.327128 0.0827465 0.0691489
6 0.0589789 0.259309 0.0580986 0.0718085
6 0.293134 0.480053 0.135563 0.109043
5 0.501761 0.583777 0.056338 0.0930851
6 0.779049 0.507979 0.0651408 0.0904255
1 0.351232 0.25133 0.110915 0.0558511
5 0.352993 0.18883 0.0616197 0.0797872
5 0.169894 0.087766 0.068662 0.0531915
5 0.698944 0.711436 0.18662 0.210106
