2 0.259259 0.515965 0.326531 0.419448
6 0.68972 0.523948 0.095994 0.13643
0 0.893802 0.371553 0.144369 0.0986938
6 0.621693 0.785922 0.129252 0.0827286
5 0.653439 0.624093 0.0506425 0.0812772
5 0.18254 0.666183 0.0582011 0.191582
5 0.0506425 0.677068 0.0952381 0.0885341
5 0.0706727 0.935414 0.133787 0.120464
5 0.429705 0.500726 0.0400605 0.0609579
0 0.785336 0.735123 0.0967498 0.0798258
5 0.899849 0.735849 0.162509 0.0435414
5 0.466885 0.765858 0.0630212 0.0338926
0 0.514739 0.682148 0.0393046 0.0493469
5 0.451625 0.67344 0.0325019 0.0319303
5 0.487906 0.703919 0.0294785 0.0261248
5 0.465231 0.691582 0.0204082 0.0217707
