2 0.750205 0.311194 0.0828548 0.11791
2 0.47703 0.320896 0.105824 0.0746269
2 0.704676 0.424627 0.0853158 0.11791
2 0.692371 0.594776 0.0918786 0.147761
2 0.677194 0.134328 0.0467596 0.113433
2 0.368335 0.126119 0.126333 0.11194
2 0.260049 0.14403 0.0771124 0.0910448
2 0.497949 0.481343 0.109926 0.114925
2 0.328958 0.341045 0.0541427 0.0820896
2 0.220263 0.597015 0.125513 0.331343
6 0.609106 0.39403 0.02379 0.0656716
2 0.574651 0.0820896 0.0631665 0.038806
2 0.872847 0.502985 0.0787531 0.292537
1 0.449549 0.902985 0.0935193 0.191045
