2 0.447439 0.221929 0.287511 0.443857
2 0.789757 0.32893 0.186882 0.364597
4 0.796047 0.301849 0.122192 0.225892
4 0.679695 0.222589 0.105121 0.107001
2 0.925427 0.391678 0.149146 0.310436
6 0.158131 0.854029 0.145553 0.199472
6 0.480234 0.885733 0.0961366 0.125495
3 0.249775 0.94716 0.0682839 0.0977543
4 0.676101 0.39432 0.0781671 0.186262
4 0.920934 0.635403 0.0485175 0.0475561
3 0.310422 0.494055 0.0781671 0.0713342
3 0.345013 0.595112 0.0413297 0.0885073
6 0.0952381 0.481506 0.132974 0.146631
3 0.0813118 0.287318 0.0566038 0.0435931
3 0.0485175 0.310436 0.0449236 0.0475561
2 0.566936 0.364597 0.145553 0.224571
6 0.342767 0.168428 0.0440252 0.0620872
6 0.284367 0.272787 0.0440252 0.0488771
6 0.0444744 0.682299 0.0871518 0.117569
6 0.897125 0.113606 0.0332435 0.0898283
0 0.116801 0.269485 0.0413297 0.0449141
6 0.143306 0.230515 0.083558 0.0700132
6 0.285714 0.134742 0.141959 0.171731
2 0.283019 0.193527 0.0772686 0.125495
2 0.783019 0.737781 0.229111 0.241744
