4 0.390719 0.263483 0.335329 0.0955056
4 0.643713 0.370787 0.158683 0.0988764
4 0.602545 0.461236 0.124251 0.102247
4 0.744012 0.689326 0.233533 0.11573
4 0.720808 0.808427 0.139222 0.17191
4 0.584581 0.85 0.133234 0.108989
4 0.236527 0.853933 0.122754 0.14382
4 0.233533 0.580337 0.167665 0.185393
6 0.655689 0.560674 0.167665 0.141573
5 0.384731 0.6 0.413174 0.523596
3 0.476048 0.807865 0.419162 0.296629
4 0.472305 0.888202 0.0883234 0.0595506
4 0.335329 0.333146 0.203593 0.0550562
0 0.212575 0.328652 0.0479042 0.0325843
0 0.217066 0.428652 0.0688623 0.135955
0 0.234281 0.724719 0.133234 0.116854
