6 0.471154 0.700422 0.0673077 0.0787623
6 0.279447 0.718003 0.0829327 0.0464135
6 0.253005 0.680731 0.0396635 0.0337553
6 0.888822 0.822785 0.046875 0.0815752
6 0.807692 0.388889 0.0697115 0.0914205
6 0.676082 0.365682 0.0516827 0.0787623
6 0.219952 0.492968 0.0480769 0.0773558
6 0.926082 0.967651 0.0420673 0.0618847
6 0.515024 0.289733 0.0516827 0.0787623
2 0.928486 0.365682 0.138221 0.213783
2 0.847356 0.261603 0.151442 0.188467
2 0.625601 0.187764 0.0925481 0.102672
2 0.554688 0.416315 0.126202 0.177215
2 0.416466 0.343179 0.138221 0.132208
2 0.459135 0.412799 0.0817308 0.0886076
2 0.423678 0.655415 0.123798 0.101266
2 0.643029 0.729958 0.100962 0.101266
2 0.784856 0.694093 0.233173 0.237693
2 0.829928 0.0879044 0.13101 0.0857947
2 0.949519 0.0794655 0.0600962 0.0998594
2 0.743389 0.179325 0.164663 0.116737
2 0.333534 0.410689 0.114183 0.106892
2 0.34976 0.5 0.09375 0.11955
2 0.517428 0.57173 0.0637019 0.0604782
2 0.359976 0.559072 0.0685096 0.0829817
2 0.663462 0.504923 0.153846 0.151899
2 0.370793 0.83052 0.186298 0.0914205
2 0.171274 0.0942335 0.140625 0.0675105
0 0.759615 0.206048 0.129808 0.122363
0 0.330529 0.16948 0.185096 0.218003
0 0.507812 0.132911 0.0516827 0.0773558
0 0.546875 0.0815752 0.0408654 0.0843882
0 0.559495 0.836146 0.21274 0.147679
2 0.712139 0.915612 0.22476 0.157525
2 0.704928 0.874824 0.229567 0.157525
2 0.420072 0.73488 0.106971 0.108298
2 0.590144 0.453586 0.0576923 0.127989
6 0.477764 0.520394 0.0516827 0.0675105
2 0.144832 0.395218 0.0661058 0.0956399
2 0.552284 0.199015 0.0901442 0.11955
0 0.520433 0.940928 0.151442 0.0843882
0 0.115986 0.171589 0.0877404 0.104079
2 0.195312 0.222925 0.0829327 0.105485
2 0.282452 0.535162 0.127404 0.206751
2 0.266226 0.640647 0.0805288 0.0801688
6 0.439303 0.485935 0.0973558 0.0661041
2 0.865385 0.0302391 0.170673 0.0604782
2 0.746995 0.0464135 0.0733173 0.092827
2 0.82512 0.454993 0.0997596 0.181435
