3 0.691624 0.58324 0.180203 0.281564
4 0.246193 0.498883 0.472081 0.124022
6 0.279188 0.617877 0.248731 0.178771
4 0.635787 0.28324 0.225888 0.0837989
4 0.738579 0.378771 0.279188 0.0826816
4 0.84264 0.401676 0.203046 0.077095
4 0.505076 0.513408 0.19797 0.0860335
4 0.453046 0.407263 0.220812 0.0837989
0 0.501269 0.321229 0.195431 0.106145
0 0.753807 0.312291 0.370558 0.0972067
6 0.444162 0.594972 0.177665 0.0837989
0 0.831218 0.50838 0.159898 0.0625698
6 0.836294 0.453631 0.119289 0.0335196
4 0.77665 0.458101 0.0812183 0.0558659
