0 0.0945294 0.428063 0.127916 0.189459
0 0.106999 0.353276 0.0804505 0.0968661
0 0.0402253 0.246439 0.0804505 0.0512821
0 0.320998 0.26567 0.0563154 0.0754986
0 0.927192 0.309117 0.0683829 0.108262
0 0.974658 0.368234 0.0490748 0.163818
0 0.638777 0.346154 0.0370072 0.0655271
0 0.269912 0.264245 0.074819 0.109687
2 0.867659 0.659544 0.197104 0.230769
2 0.798471 0.850427 0.156879 0.176638
2 0.831054 0.954416 0.173773 0.0883191
2 0.730893 0.733618 0.0876911 0.168091
2 0.189863 0.39886 0.0884956 0.105413
2 0.3214 0.434473 0.0860821 0.105413
2 0.226066 0.359687 0.0514883 0.0669516
2 0.156074 0.323362 0.0820595 0.0712251
2 0.224055 0.269231 0.0571199 0.0683761
2 0.936444 0.428775 0.0981496 0.245014
2 0.77675 0.52849 0.102172 0.108262
2 0.547064 0.240741 0.0370072 0.0512821
2 0.682623 0.319801 0.0442478 0.0413105
6 0.220434 0.606125 0.0498793 0.0584046
6 0.181014 0.640313 0.0450523 0.0413105
6 0.180611 0.593305 0.0201126 0.0669516
6 0.893001 0.864672 0.0675784 0.14245
6 0.700322 0.903846 0.0442478 0.0441595
6 0.649638 0.940883 0.079646 0.0584046
6 0.715607 0.600427 0.07321 0.0754986
2 0.306516 0.351852 0.0595334 0.0598291
2 0.979485 0.454416 0.0394208 0.039886
2 0.963797 0.611823 0.0707965 0.223647
