3 0.735936 0.786839 0.0646516 0.165354
4 0.673384 0.610799 0.0621327 0.112486
4 0.506297 0.698538 0.0839631 0.0944882
4 0.41016 0.749719 0.0747271 0.0978628
4 0.426952 0.683352 0.0411419 0.0663667
4 0.298908 0.832958 0.0738875 0.0933633
6 0.120487 0.678853 0.099916 0.106862
6 0.170865 0.874016 0.0881612 0.119235
4 0.769521 0.658605 0.0696893 0.0866142
4 0.701092 0.591114 0.0570949 0.102362
3 0.677162 0.534871 0.128463 0.048369
4 0.449202 0.522497 0.0486986 0.0618673
0 0.449202 0.555806 0.255248 0.195976
3 0.358942 0.692351 0.0881612 0.064117
3 0.288413 0.64342 0.0747271 0.0697413
3 0.512175 0.654668 0.119228 0.087739
4 0.618808 0.647357 0.0856423 0.0596175
4 0.604534 0.580427 0.0755668 0.071991
4 0.678002 0.686727 0.0780856 0.0663667
4 0.582284 0.46288 0.0495382 0.048369
6 0.212427 0.721035 0.0789253 0.148481
6 0.233837 0.773903 0.0377834 0.0809899
6 0.11251 0.776153 0.0822838 0.0967379
4 0.123006 0.809899 0.054576 0.0517435
6 0.0642317 0.764342 0.0495382 0.0821147
