6 0.488954 0.727427 0.241532 0.125282
4 0.315906 0.738149 0.0751105 0.0609481
6 0.234904 0.575621 0.131075 0.191874
6 0.143594 0.578442 0.0927835 0.0620767
6 0.156112 0.454289 0.223859 0.0981941
0 0.306333 0.348758 0.138439 0.180587
6 0.441826 0.317156 0.0824742 0.137698
6 0.671576 0.418736 0.100147 0.137698
6 0.600884 0.515801 0.129602 0.112867
6 0.674521 0.529345 0.108984 0.108352
6 0.441826 0.397856 0.150221 0.0665914
6 0.338733 0.467833 0.108984 0.0530474
6 0.222386 0.455418 0.0530191 0.023702
6 0.235641 0.393905 0.111929 0.103837
6 0.408689 0.566027 0.0810015 0.0643341
0 0.502946 0.535553 0.0692194 0.0417607
0 0.458027 0.61456 0.156112 0.109481
5 0.617084 0.628104 0.135493 0.0733634
6 0.476344 0.643214 0.266384 0.153245
