6 0.635525 0.787591 0.0521251 0.214599
6 0.473536 0.947445 0.100241 0.10219
6 0.427025 0.825547 0.0200481 0.0394161
6 0.673216 0.756934 0.0376905 0.059854
4 0.602245 0.675182 0.0417001 0.0627737
4 0.407378 0.872263 0.0336808 0.0861314
6 0.44988 0.794161 0.0336808 0.0525547
6 0.479952 0.746715 0.0408982 0.0656934
6 0.0308741 0.615328 0.0537289 0.0510949
6 0.0898156 0.564964 0.0352847 0.0613139
2 0.0557338 0.194891 0.0457097 0.059854
2 0.042101 0.175912 0.0825982 0.156204
2 0.388532 0.0751825 0.0729751 0.10073
2 0.0918204 0.285401 0.0713713 0.0832117
2 0.0970329 0.234307 0.0721732 0.0773723
2 0.510425 0.159854 0.0521251 0.0715328
2 0.165998 0.0386861 0.0834002 0.0773723
2 0.571371 0.716788 0.0729751 0.157664
