4 0.201754 0.295802 0.19883 0.103053
4 0.323099 0.312977 0.0847953 0.21374
4 0.447368 0.217557 0.116959 0.167939
4 0.570175 0.14313 0.0818713 0.156489
4 0.74269 0.320611 0.116959 0.175573
4 0.861111 0.431298 0.0964912 0.175573
4 0.50731 0.923664 0.230994 0.145038
4 0.633041 0.669847 0.21345 0.118321
6 0.828947 0.669847 0.190058 0.339695
4 0.70614 0.475191 0.195906 0.125954
4 0.504386 0.484733 0.201754 0.122137
4 0.464912 0.366412 0.163743 0.137405
4 0.385965 0.416031 0.111111 0.10687
4 0.494152 0.290076 0.128655 0.114504
4 0.611111 0.272901 0.134503 0.171756
4 0.665205 0.303435 0.114035 0.133588
4 0.605263 0.391221 0.111111 0.141221
4 0.747076 0.181298 0.125731 0.118321
4 0.460526 0.589695 0.102339 0.110687
2 0.22807 0.685115 0.438596 0.583969
4 0.836257 0.30916 0.0760234 0.206107
