3 0.454054 0.849716 0.235676 0.1569
3 0.286486 0.844045 0.11027 0.213611
3 0.0713514 0.648393 0.0864865 0.461248
3 0.144865 0.616257 0.0778378 0.442344
3 0.0951351 0.499055 0.0410811 0.245747
3 0.0205405 0.741021 0.0345946 0.306238
3 0.0227027 0.519849 0.0367568 0.253308
3 0.0621622 0.414934 0.0378378 0.194707
3 0.0897297 0.358223 0.0259459 0.0548204
3 0.493514 0.592628 0.0594595 0.395085
3 0.216216 0.809074 0.0627027 0.200378
3 0.581622 0.758034 0.112432 0.200378
3 0.582703 0.758979 0.112432 0.202268
3 0.628649 0.752363 0.143784 0.200378
3 0.436216 0.708885 0.0637838 0.155009
3 0.68 0.710775 0.0886486 0.200378
3 0.780541 0.603025 0.142703 0.0869565
3 0.676757 0.616257 0.0908108 0.132325
3 0.36973 0.365784 0.0324324 0.164461
3 0.697838 0.438563 0.0443243 0.268431
3 0.819459 0.406427 0.0518919 0.283554
3 0.755676 0.455577 0.0540541 0.204159
3 0.777297 0.360113 0.0281081 0.20983
3 0.886092 0.449232 0.0381308 0.165004
3 0.870811 0.375236 0.0443243 0.26276
3 0.947027 0.346881 0.0367568 0.26276
3 0.914054 0.36673 0.0356757 0.257089
3 0.844865 0.561437 0.0854054 0.0982987
3 0.651351 0.511342 0.04 0.0775047
3 0.584324 0.395085 0.0205405 0.094518
3 0.66973 0.418715 0.027027 0.145558
3 0.632973 0.365784 0.0421622 0.0699433
3 0.673514 0.311909 0.0324324 0.162571
3 0.602162 0.331758 0.0345946 0.134216
3 0.432432 0.600189 0.0605405 0.119093
0 0.282162 0.521739 0.237838 0.495274
0 0.489564 0.458847 0.237507 0.358147
0 0.532973 0.120038 0.162162 0.232514
0 0.665946 0.0652174 0.103784 0.122873
0 0.657838 0.208885 0.109189 0.190926
0 0.522703 0.281664 0.154595 0.124764
