6 0.84131 0.336985 0.312343 0.289948
6 0.856423 0.621778 0.171285 0.259021
6 0.691436 0.614691 0.214106 0.304124
6 0.537783 0.289304 0.400504 0.145619
4 0.467254 0.32732 0.299748 0.0515464
6 0.220403 0.387242 0.219144 0.233247
6 0.90806 0.274485 0.108312 0.0824742
6 0.118388 0.252577 0.2267 0.128866
6 0.421914 0.634021 0.269521 0.0850515
4 0.770781 0.775773 0.141058 0.0850515
4 0.767003 0.670747 0.0881612 0.132732
0 0.302267 0.257732 0.125945 0.0515464
4 0.358942 0.58183 0.209068 0.0657216
6 0.521411 0.51933 0.322418 0.123711
6 0.232997 0.721005 0.460957 0.166237
6 0.551637 0.73067 0.322418 0.17268
0 0.813602 0.435567 0.297229 0.126289
6 0.0969773 0.458763 0.173804 0.278351
6 0.152393 0.570232 0.153652 0.135309
