4 0.393069 0.248014 0.310891 0.175936
4 0.711881 0.324631 0.342574 0.165721
4 0.182178 0.467083 0.285149 0.187287
4 0.346535 0.591373 0.30495 0.167991
4 0.558416 0.405789 0.29703 0.153235
4 0.716832 0.326334 0.332673 0.169126
4 0.442574 0.50681 0.247525 0.141884
4 0.430693 0.65664 0.231683 0.141884
4 0.809901 0.46311 0.237624 0.15891
4 0.926733 0.370034 0.134653 0.129398
4 0.705941 0.572077 0.164356 0.113507
4 0.525743 0.699205 0.223762 0.138479
4 0.147525 0.349035 0.152475 0.091941
4 0.531683 0.162316 0.168317 0.167991
4 0.594059 0.532917 0.166337 0.112372
4 0.530693 0.745743 0.114851 0.077185
4 0.378218 0.413167 0.0871287 0.0817253
4 0.220792 0.384222 0.215842 0.0646992
4 0.271287 0.493757 0.158416 0.140749
4 0.435644 0.3479 0.233663 0.110102
4 0.567327 0.600454 0.0970297 0.061294
4 0.651485 0.61975 0.0831683 0.0408627
4 0.39505 0.749716 0.0653465 0.046538
