4 0.456914 0.771445 0.0681363 0.0711061
4 0.338677 0.68623 0.0761523 0.0541761
4 0.307615 0.640519 0.0741483 0.0485327
4 0.355711 0.625282 0.0661323 0.0474041
4 0.549098 0.738713 0.104208 0.0349887
4 0.579158 0.688488 0.0961924 0.0451467
4 0.659319 0.726862 0.0961924 0.0496614
4 0.761523 0.681151 0.0761523 0.0530474
4 0.787575 0.604402 0.0721443 0.0530474
4 0.744489 0.603837 0.0661323 0.0564334
3 0.544088 0.629233 0.0941884 0.0417607
3 0.43487 0.653499 0.116232 0.0316027
4 0.659319 0.670993 0.0841683 0.0462754
6 0.690381 0.696388 0.0701403 0.0519187
3 0.485972 0.693567 0.162325 0.0485327
3 0.462926 0.722912 0.172345 0.0349887
0 0.186373 0.549661 0.160321 0.117381
3 0.325651 0.538375 0.126253 0.027088
4 0.722445 0.390519 0.0581162 0.0248307
4 0.700401 0.405192 0.0741483 0.027088
4 0.634269 0.406321 0.0621242 0.0406321
4 0.548096 0.414221 0.0701403 0.0248307
4 0.726453 0.455982 0.0861723 0.0316027
3 0.714429 0.491535 0.0581162 0.0462754
4 0.698397 0.427201 0.0741483 0.0214447
4 0.602204 0.405192 0.0460922 0.0316027
4 0.53507 0.390519 0.0641283 0.0225734
4 0.557114 0.442438 0.0561122 0.027088
4 0.668337 0.465576 0.0541082 0.0349887
4 0.680361 0.444131 0.0460922 0.01693
4 0.42986 0.455418 0.0501002 0.037246
4 0.470942 0.467269 0.0440882 0.0496614
3 0.631263 0.494357 0.0761523 0.0699774
3 0.618236 0.616817 0.0420842 0.0891648
3 0.456914 0.600451 0.128257 0.0383747
4 0.547094 0.652935 0.0921844 0.0395034
3 0.496994 0.621896 0.140281 0.0316027
3 0.56513 0.572235 0.0521042 0.0632054
3 0.53006 0.52088 0.122244 0.0349887
3 0.558116 0.502257 0.0941884 0.0248307
4 0.676353 0.508465 0.0581162 0.0462754
4 0.588176 0.474605 0.0180361 0.0259594
4 0.619238 0.456546 0.0561122 0.037246
4 0.391784 0.466704 0.0220441 0.01693
4 0.395792 0.492664 0.0741483 0.0395034
3 0.413828 0.526524 0.0621242 0.0711061
3 0.477956 0.551354 0.0420842 0.0417607
4 0.523046 0.548533 0.0440882 0.0248307
4 0.59519 0.55474 0.0761523 0.037246
4 0.401804 0.564898 0.0460922 0.0462754
3 0.364729 0.571106 0.0440882 0.0609481
4 0.466934 0.577314 0.0801603 0.0282167
4 0.532064 0.585214 0.0420842 0.0462754
3 0.700763 0.61009 0.0949118 0.0779684
4 0.657315 0.602709 0.0561122 0.0564334
3 0.309619 0.575056 0.0460922 0.0530474
3 0.538076 0.463883 0.0901804 0.0316027
4 0.516032 0.475169 0.0380762 0.020316
4 0.473948 0.429458 0.0781563 0.0259594
4 0.48497 0.435666 0.0761523 0.0248307
3 0.626253 0.544582 0.0861723 0.0733634
3 0.685371 0.537246 0.0721443 0.0428894
