6 0.813492 0.919463 0.316327 0.158837
4 0.664399 0.674497 0.154195 0.1566
4 0.799887 0.569351 0.162132 0.131991
4 0.736961 0.482662 0.179138 0.0816555
4 0.621882 0.38255 0.153061 0.152125
4 0.378685 0.647651 0.0997732 0.098434
4 0.27381 0.691834 0.173469 0.135347
4 0.336735 0.564877 0.183673 0.154362
4 0.433107 0.450783 0.170068 0.12528
4 0.290249 0.5 0.126984 0.0939597
4 0.196145 0.614653 0.126984 0.175615
4 0.497732 0.69519 0.183673 0.119687
4 0.466553 0.804251 0.159864 0.098434
4 0.368481 0.779642 0.0997732 0.100671
4 0.581066 0.502237 0.155329 0.0894855
4 0.537982 0.611298 0.171202 0.121924
4 0.564059 0.431208 0.0895692 0.0548098
4 0.418934 0.395414 0.0782313 0.0659955
4 0.500567 0.373043 0.085034 0.0928412
4 0.693878 0.566555 0.136054 0.0838926
4 0.520975 0.567114 0.171202 0.098434
4 0.581633 0.771253 0.104308 0.10179
4 0.485261 0.88255 0.0861678 0.0581655
4 0.457483 0.642617 0.0600907 0.0659955
4 0.628685 0.586689 0.0646259 0.0727069
