4 0.841772 0.37808 0.0379747 0.0609598
4 0.805258 0.372892 0.0331061 0.0687419
0 0.680623 0.380026 0.0856865 0.0700389
4 0.536514 0.362516 0.0584226 0.0635538
6 0.59591 0.627108 0.105161 0.0661479
6 0.71519 0.638132 0.125609 0.142672
4 0.470789 0.610895 0.0632911 0.0959792
4 0.439143 0.508431 0.0389484 0.0881971
4 0.490263 0.461089 0.0379747 0.0869001
4 0.497566 0.546044 0.0623174 0.0518807
6 0.529698 0.524643 0.0175268 0.102464
4 0.243914 0.209468 0.0321324 0.0609598
0 0.370497 0.327497 0.0788705 0.0505837
4 0.226388 0.438392 0.0593963 0.077821
4 0.22444 0.509079 0.0555015 0.0869001
6 0.421616 0.448768 0.097371 0.0959792
4 0.261441 0.651751 0.0691334 0.0972763
4 0.239046 0.61284 0.0710808 0.0920882
4 0.314508 0.676394 0.0740019 0.0661479
6 0.361733 0.48249 0.0399221 0.0596628
6 0.632911 0.420233 0.0214216 0.0311284
4 0.0925024 0.915045 0.097371 0.0817121
