3 0.308376 0.58324 0.180203 0.281564
4 0.753807 0.498883 0.472081 0.124022
6 0.720812 0.617877 0.248731 0.178771
4 0.364213 0.28324 0.225888 0.0837989
4 0.261421 0.378771 0.279188 0.0826816
4 0.15736 0.401676 0.203046 0.077095
4 0.494924 0.513408 0.19797 0.0860335
4 0.546954 0.407263 0.220812 0.0837989
0 0.498731 0.321229 0.195431 0.106145
0 0.246193 0.312291 0.370558 0.0972067
6 0.555838 0.594972 0.177665 0.0837989
0 0.168782 0.50838 0.159898 0.0625698
6 0.163706 0.453631 0.119289 0.0335196
4 0.22335 0.458101 0.0812183 0.0558659
