3 0.571429 0.623249 0.0420168 0.182073
5 0.665966 0.711485 0.0672269 0.0504202
5 0.389706 0.777311 0.0861345 0.0308123
5 0.0861345 0.754902 0.0630252 0.0140056
0 0.146008 0.746499 0.0441176 0.0196078
0 0.197479 0.760504 0.0420168 0.0308123
0 0.303571 0.729692 0.0609244 0.0420168
0 0.355042 0.733894 0.0294118 0.0336134
0 0.457983 0.70028 0.0336134 0.0336134
5 0.790966 0.70028 0.0357143 0.0168067
5 0.514296 0.696934 0.0538025 0.0325238
5 0.513457 0.704268 0.0479223 0.0191793
5 0.5 0.721289 0.0252101 0.0252101
6 0.54937 0.721289 0.0651261 0.0196078
