2 0.552561 0.221929 0.287511 0.443857
2 0.210243 0.32893 0.186882 0.364597
4 0.203953 0.301849 0.122192 0.225892
4 0.320305 0.222589 0.105121 0.107001
2 0.0745732 0.391678 0.149146 0.310436
6 0.841869 0.854029 0.145553 0.199472
6 0.519766 0.885733 0.0961366 0.125495
3 0.750225 0.94716 0.0682839 0.0977543
4 0.323899 0.39432 0.0781671 0.186262
4 0.0790656 0.635403 0.0485175 0.0475561
3 0.689578 0.494055 0.0781671 0.0713342
3 0.654987 0.595112 0.0413297 0.0885073
6 0.904762 0.481506 0.132974 0.146631
3 0.918688 0.287318 0.0566038 0.0435931
3 0.951482 0.310436 0.0449236 0.0475561
2 0.433064 0.364597 0.145553 0.224571
6 0.657233 0.168428 0.0440252 0.0620872
6 0.715633 0.272787 0.0440252 0.0488771
6 0.955526 0.682299 0.0871518 0.117569
6 0.102875 0.113606 0.0332435 0.0898283
0 0.883199 0.269485 0.0413297 0.0449141
6 0.856694 0.230515 0.083558 0.0700132
6 0.714286 0.134742 0.141959 0.171731
2 0.716981 0.193527 0.0772686 0.125495
2 0.216981 0.737781 0.229111 0.241744
