6 0.132979 0.693824 0.166667 0.086728
4 0.283688 0.440867 0.035461 0.0459921
4 0.307624 0.714192 0.125887 0.0512484
4 0.253546 0.54862 0.0531915 0.064389
6 0.320035 0.598555 0.157801 0.088042
6 0.294326 0.509855 0.117021 0.0473062
4 0.35727 0.458607 0.0443262 0.0446781
3 0.510638 0.477004 0.106383 0.0473062
6 0.685284 0.510512 0.108156 0.109067
3 0.712766 0.544021 0.0638298 0.086728
3 0.759752 0.570959 0.0407801 0.0906702
4 0.514184 0.708936 0.0886525 0.0381078
4 0.557624 0.677398 0.12234 0.0565046
4 0.58156 0.645861 0.0780142 0.0354796
0 0.654255 0.629435 0.0602837 0.065703
4 0.602837 0.591984 0.0744681 0.0670171
3 0.467199 0.582786 0.0620567 0.0827858
0 0.407801 0.463206 0.0531915 0.0354796
0 0.385638 0.524967 0.0833333 0.0591327
0 0.531028 0.616951 0.0620567 0.0591327
0 0.285461 0.674113 0.070922 0.0446781
3 0.421986 0.599212 0.0390071 0.0893561
4 0.492021 0.523653 0.0656028 0.0617608
0 0.548759 0.51117 0.0691489 0.0262812
0 0.775709 0.684625 0.147163 0.102497
6 0.70922 0.643233 0.0638298 0.043364
