4 0.342579 0.56982 0.448276 0.168919
5 0.544228 0.567005 0.344828 0.278153
4 0.853823 0.457207 0.253373 0.182432
4 0.253373 0.302928 0.266867 0.204955
4 0.566717 0.321509 0.284858 0.224099
4 0.785607 0.318694 0.194903 0.121622
4 0.687406 0.400901 0.226387 0.15991
4 0.773613 0.587275 0.251874 0.185811
4 0.538981 0.471847 0.148426 0.0878378
4 0.2991 0.440315 0.322339 0.108108
4 0.455772 0.307432 0.182909 0.103604
4 0.404798 0.801239 0.272864 0.224099
4 0.66042 0.771396 0.304348 0.222973
4 0.181409 0.70214 0.149925 0.188063
