0 0.905471 0.428063 0.127916 0.189459
0 0.893001 0.353276 0.0804505 0.0968661
0 0.959775 0.246439 0.0804505 0.0512821
0 0.679002 0.26567 0.0563154 0.0754986
0 0.0728077 0.309117 0.0683829 0.108262
0 0.0253419 0.368234 0.0490748 0.163818
0 0.361223 0.346154 0.0370072 0.0655271
0 0.730088 0.264245 0.074819 0.109687
2 0.132341 0.659544 0.197104 0.230769
2 0.201529 0.850427 0.156879 0.176638
2 0.168946 0.954416 0.173773 0.0883191
2 0.269107 0.733618 0.0876911 0.168091
2 0.810137 0.39886 0.0884956 0.105413
2 0.6786 0.434473 0.0860821 0.105413
2 0.773934 0.359687 0.0514883 0.0669516
2 0.843926 0.323362 0.0820595 0.0712251
2 0.775945 0.269231 0.0571199 0.0683761
2 0.0635559 0.428775 0.0981496 0.245014
2 0.22325 0.52849 0.102172 0.108262
2 0.452936 0.240741 0.0370072 0.0512821
2 0.317377 0.319801 0.0442478 0.0413105
6 0.779566 0.606125 0.0498793 0.0584046
6 0.818986 0.640313 0.0450523 0.0413105
6 0.819389 0.593305 0.0201126 0.0669516
6 0.106999 0.864672 0.0675784 0.14245
6 0.299678 0.903846 0.0442478 0.0441595
6 0.350362 0.940883 0.079646 0.0584046
6 0.284393 0.600427 0.07321 0.0754986
2 0.693484 0.351852 0.0595334 0.0598291
2 0.0205149 0.454416 0.0394208 0.039886
2 0.0362027 0.611823 0.0707965 0.223647
