4 0.46875 0.180822 0.275735 0.164384
4 0.580882 0.30411 0.161765 0.10411
4 0.518382 0.412329 0.117647 0.145205
4 0.580882 0.626027 0.242647 0.134247
4 0.556985 0.787671 0.136029 0.139726
4 0.205882 0.59863 0.227941 0.0958904
4 0.323529 0.517808 0.132353 0.115068
4 0.345588 0.461644 0.169118 0.0794521
4 0.669118 0.467123 0.198529 0.10137
4 0.446691 0.752055 0.143382 0.134247
4 0.409926 0.630137 0.0845588 0.060274
0 0.334559 0.673973 0.154412 0.131507
4 0.479779 0.532877 0.172794 0.090411
0 0.764706 0.635616 0.125 0.109589
0 0.663603 0.575342 0.128676 0.0931507
