5 0.479606 0.509532 0.0843882 0.187175
2 0.652602 0.722704 0.264416 0.218371
2 0.839662 0.599653 0.146273 0.246101
0 0.465541 0.724437 0.118143 0.131716
0 0.205345 0.578856 0.112518 0.0935875
0 0.554852 0.245234 0.0773558 0.112652
0 0.873418 0.369151 0.0646976 0.0762565
2 0.609705 0.470537 0.195499 0.168111
2 0.654712 0.453206 0.0857947 0.102253
2 0.677918 0.554593 0.092827 0.12825
2 0.746132 0.507799 0.0970464 0.12825
2 0.921941 0.672444 0.102672 0.145581
2 0.421941 0.362218 0.0984529 0.110919
