6 0.636986 0.592179 0.108067 0.0865922
6 0.381279 0.772346 0.144597 0.103352
2 0.105023 0.690642 0.210046 0.157821
2 0.0669711 0.451816 0.133942 0.0935754
1 0.563166 0.857542 0.146119 0.0977654
5 0.328767 0.567039 0.143075 0.26257
2 0.487062 0.217877 0.0821918 0.0614525
2 0.0494673 0.266061 0.0989346 0.0684358
2 0.734399 0.580307 0.229833 0.21648
2 0.659817 0.24162 0.150685 0.0670391
2 0.18417 0.458101 0.133942 0.106145
2 0.961948 0.519553 0.0730594 0.103352
2 0.563166 0.945531 0.286149 0.106145
2 0.688737 0.851257 0.16895 0.138268
2 0.813546 0.927374 0.232877 0.142458
2 0.0707763 0.194134 0.126332 0.0558659
2 0.493912 0.289804 0.0928463 0.0768156
2 0.425419 0.349162 0.105023 0.111732
2 0.841705 0.398045 0.191781 0.0893855
