4 0.354167 0.398184 0.0868056 0.0700389
4 0.239583 0.725032 0.114583 0.116732
4 0.288194 0.640078 0.0833333 0.0843061
4 0.866319 0.585603 0.118056 0.0687419
4 0.815104 0.542802 0.0989583 0.0609598
4 0.703125 0.464981 0.0868056 0.0713359
4 0.760417 0.509079 0.0833333 0.07393
4 0.46441 0.399481 0.0954861 0.0466926
6 0.493924 0.59987 0.137153 0.110246
4 0.430556 0.540856 0.0659722 0.075227
4 0.381944 0.61284 0.0625 0.0843061
4 0.374132 0.455901 0.0711806 0.0713359
4 0.434896 0.457198 0.0538194 0.07393
4 0.37066 0.529831 0.0607639 0.0869001
0 0.507812 0.468872 0.133681 0.133593
6 0.556424 0.624514 0.112847 0.0920882
6 0.677951 0.565499 0.0572917 0.103761
0 0.592014 0.419585 0.128472 0.079118
6 0.640625 0.350195 0.128472 0.0856031
4 0.576389 0.537613 0.0833333 0.0635538
4 0.576389 0.492218 0.0729167 0.0376135
6 0.303819 0.575875 0.0868056 0.0648508
