4 0.218114 0.540456 0.0310825 0.060166
4 0.770632 0.795643 0.034298 0.0560166
4 0.664523 0.575726 0.034298 0.0435685
4 0.121115 0.941909 0.0557342 0.0954357
4 0.738478 0.838174 0.0428725 0.0497925
4 0.96463 0.746888 0.0385852 0.0871369
4 0.89657 0.748963 0.0503751 0.06639
4 0.56806 0.963693 0.0235798 0.0518672
4 0.375134 0.876556 0.0578778 0.0850622
2 0.0868167 0.720954 0.115756 0.1639
2 0.217578 0.710581 0.0643087 0.0684647
2 0.350482 0.689834 0.0943194 0.10166
2 0.552519 0.743776 0.0975348 0.114108
4 0.351554 0.51556 0.0192926 0.0477178
2 0.802787 0.658714 0.0750268 0.10166
2 0.889603 0.637967 0.0621651 0.0850622
2 0.978564 0.664938 0.0407288 0.0726141
2 0.944266 0.633817 0.0450161 0.118257
6 0.279207 0.937759 0.0439443 0.0497925
4 0.079314 0.490664 0.0878885 0.0975104
2 0.654341 0.799793 0.106109 0.155602
4 0.720257 0.691909 0.0257235 0.0518672
4 0.706324 0.725104 0.0321543 0.0352697
4 0.258842 0.780083 0.0375134 0.0414938
4 0.287245 0.770747 0.0407288 0.0477178
4 0.806002 0.746888 0.0428725 0.0622407
2 0.918542 0.53527 0.0428725 0.06639
