6 0.364475 0.787591 0.0521251 0.214599
6 0.526464 0.947445 0.100241 0.10219
6 0.572975 0.825547 0.0200481 0.0394161
6 0.326784 0.756934 0.0376905 0.059854
4 0.397755 0.675182 0.0417001 0.0627737
4 0.592622 0.872263 0.0336808 0.0861314
6 0.55012 0.794161 0.0336808 0.0525547
6 0.520048 0.746715 0.0408982 0.0656934
6 0.969126 0.615328 0.0537289 0.0510949
6 0.910184 0.564964 0.0352847 0.0613139
2 0.944266 0.194891 0.0457097 0.059854
2 0.957899 0.175912 0.0825982 0.156204
2 0.611468 0.0751825 0.0729751 0.10073
2 0.90818 0.285401 0.0713713 0.0832117
2 0.902967 0.234307 0.0721732 0.0773723
2 0.489575 0.159854 0.0521251 0.0715328
2 0.834002 0.0386861 0.0834002 0.0773723
2 0.428629 0.716788 0.0729751 0.157664
