4 0.0900298 0.566929 0.0818452 0.0697413
4 0.447173 0.580427 0.0877976 0.071991
4 0.469494 0.615298 0.0699405 0.0652418
4 0.52753 0.632171 0.078869 0.0472441
4 0.547619 0.45838 0.0505952 0.048369
4 0.686756 0.646794 0.120536 0.056243
4 0.606399 0.607424 0.0669643 0.0652418
4 0.751488 0.54387 0.0982143 0.064117
4 0.646577 0.568054 0.0997024 0.0584927
4 0.581845 0.533746 0.0863095 0.0506187
4 0.611607 0.502812 0.0892857 0.0359955
4 0.668155 0.515186 0.0863095 0.0427447
4 0.665179 0.462317 0.0892857 0.0382452
4 0.797619 0.408886 0.047619 0.0371204
