0 0.299603 0.369101 0.214286 0.1
4 0.759921 0.55618 0.126984 0.0629213
6 0.262897 0.635393 0.303571 0.124719
4 0.564484 0.610112 0.263889 0.0719101
4 0.734127 0.497753 0.22619 0.0629213
0 0.525794 0.45 0.0753968 0.0505618
0 0.447421 0.503933 0.168651 0.102247
3 0.588294 0.527528 0.275794 0.192135
6 0.554563 0.373596 0.267857 0.1
6 0.474206 0.324157 0.206349 0.104494
6 0.705357 0.381461 0.343254 0.198876
6 0.659722 0.297753 0.121032 0.094382
3 0.324405 0.56236 0.248016 0.111236
6 0.262897 0.483708 0.125 0.0932584
6 0.356151 0.471348 0.109127 0.122472
4 0.425595 0.416854 0.125 0.094382
