4 0.781886 0.540456 0.0310825 0.060166
4 0.229368 0.795643 0.034298 0.0560166
4 0.335477 0.575726 0.034298 0.0435685
4 0.878885 0.941909 0.0557342 0.0954357
4 0.261522 0.838174 0.0428725 0.0497925
4 0.0353698 0.746888 0.0385852 0.0871369
4 0.10343 0.748963 0.0503751 0.06639
4 0.43194 0.963693 0.0235798 0.0518672
4 0.624866 0.876556 0.0578778 0.0850622
2 0.913183 0.720954 0.115756 0.1639
2 0.782422 0.710581 0.0643087 0.0684647
2 0.649518 0.689834 0.0943194 0.10166
2 0.447481 0.743776 0.0975348 0.114108
4 0.648446 0.51556 0.0192926 0.0477178
2 0.197213 0.658714 0.0750268 0.10166
2 0.110397 0.637967 0.0621651 0.0850622
2 0.0214362 0.664938 0.0407288 0.0726141
2 0.0557342 0.633817 0.0450161 0.118257
6 0.720793 0.937759 0.0439443 0.0497925
4 0.920686 0.490664 0.0878885 0.0975104
2 0.345659 0.799793 0.106109 0.155602
4 0.279743 0.691909 0.0257235 0.0518672
4 0.293676 0.725104 0.0321543 0.0352697
4 0.741158 0.780083 0.0375134 0.0414938
4 0.712755 0.770747 0.0407288 0.0477178
4 0.193998 0.746888 0.0428725 0.0622407
2 0.0814577 0.53527 0.0428725 0.06639
