4 0.543086 0.771445 0.0681363 0.0711061
4 0.661323 0.68623 0.0761523 0.0541761
4 0.692385 0.640519 0.0741483 0.0485327
4 0.644289 0.625282 0.0661323 0.0474041
4 0.450902 0.738713 0.104208 0.0349887
4 0.420842 0.688488 0.0961924 0.0451467
4 0.340681 0.726862 0.0961924 0.0496614
4 0.238477 0.681151 0.0761523 0.0530474
4 0.212425 0.604402 0.0721443 0.0530474
4 0.255511 0.603837 0.0661323 0.0564334
3 0.455912 0.629233 0.0941884 0.0417607
3 0.56513 0.653499 0.116232 0.0316027
4 0.340681 0.670993 0.0841683 0.0462754
6 0.309619 0.696388 0.0701403 0.0519187
3 0.514028 0.693567 0.162325 0.0485327
3 0.537074 0.722912 0.172345 0.0349887
0 0.813627 0.549661 0.160321 0.117381
3 0.674349 0.538375 0.126253 0.027088
4 0.277555 0.390519 0.0581162 0.0248307
4 0.299599 0.405192 0.0741483 0.027088
4 0.365731 0.406321 0.0621242 0.0406321
4 0.451904 0.414221 0.0701403 0.0248307
4 0.273547 0.455982 0.0861723 0.0316027
3 0.285571 0.491535 0.0581162 0.0462754
4 0.301603 0.427201 0.0741483 0.0214447
4 0.397796 0.405192 0.0460922 0.0316027
4 0.46493 0.390519 0.0641283 0.0225734
4 0.442886 0.442438 0.0561122 0.027088
4 0.331663 0.465576 0.0541082 0.0349887
4 0.319639 0.444131 0.0460922 0.01693
4 0.57014 0.455418 0.0501002 0.037246
4 0.529058 0.467269 0.0440882 0.0496614
3 0.368737 0.494357 0.0761523 0.0699774
3 0.381764 0.616817 0.0420842 0.0891648
3 0.543086 0.600451 0.128257 0.0383747
4 0.452906 0.652935 0.0921844 0.0395034
3 0.503006 0.621896 0.140281 0.0316027
3 0.43487 0.572235 0.0521042 0.0632054
3 0.46994 0.52088 0.122244 0.0349887
3 0.441884 0.502257 0.0941884 0.0248307
4 0.323647 0.508465 0.0581162 0.0462754
4 0.411824 0.474605 0.0180361 0.0259594
4 0.380762 0.456546 0.0561122 0.037246
4 0.608216 0.466704 0.0220441 0.01693
4 0.604208 0.492664 0.0741483 0.0395034
3 0.586172 0.526524 0.0621242 0.0711061
3 0.522044 0.551354 0.0420842 0.0417607
4 0.476954 0.548533 0.0440882 0.0248307
4 0.40481 0.55474 0.0761523 0.037246
4 0.598196 0.564898 0.0460922 0.0462754
3 0.635271 0.571106 0.0440882 0.0609481
4 0.533066 0.577314 0.0801603 0.0282167
4 0.467936 0.585214 0.0420842 0.0462754
3 0.299961 0.61009 0.0949118 0.0779684
4 0.342685 0.602709 0.0561122 0.0564334
3 0.690381 0.575056 0.0460922 0.0530474
3 0.461924 0.463883 0.0901804 0.0316027
4 0.483968 0.475169 0.0380762 0.020316
4 0.526052 0.429458 0.0781563 0.0259594
4 0.51503 0.435666 0.0761523 0.0248307
3 0.373747 0.544582 0.0861723 0.0733634
3 0.314629 0.537246 0.0721443 0.0428894
