2 0.195615 0.640083 0.250215 0.25104
2 0.328461 0.755201 0.141015 0.0846047
2 0.561049 0.599168 0.126397 0.169209
2 0.933792 0.60749 0.0894239 0.0832178
2 0.631126 0.222607 0.0980224 0.228849
0 0.399398 0.84466 0.141874 0.113731
0 0.671969 0.877254 0.0988822 0.0901526
0 0.407997 0.464632 0.0954428 0.113731
2 0.757094 0.0901526 0.0851247 0.105409
6 0.807395 0.729542 0.0343938 0.0665742
6 0.759243 0.708044 0.0309544 0.0707351
6 0.88822 0.813454 0.0309544 0.0513176
6 0.678848 0.696255 0.0490112 0.0638003
6 0.644024 0.848821 0.0533104 0.0499307
2 0.933792 0.68516 0.0877042 0.105409
2 0.697334 0.0582524 0.0739467 0.0943135
