4 0.182493 0.10678 0.136499 0.0892655
4 0.299703 0.184181 0.115727 0.112994
4 0.162463 0.486441 0.123145 0.159322
6 0.159496 0.674576 0.123145 0.20113
4 0.519288 0.670621 0.151335 0.127684
6 0.873887 0.589831 0.0949555 0.149153
4 0.797478 0.291525 0.0667656 0.0971751
6 0.494065 0.19209 0.246291 0.167232
6 0.550445 0.249153 0.166172 0.127684
4 0.396884 0.29322 0.152819 0.0937853
4 0.304896 0.30452 0.078635 0.123164
3 0.307864 0.419209 0.0608309 0.108475
6 0.321958 0.5 0.139466 0.145763
6 0.387982 0.381921 0.0934718 0.108475
4 0.301929 0.625424 0.176558 0.132203
4 0.377596 0.544068 0.078635 0.114124
6 0.511128 0.50791 0.126113 0.186441
6 0.45178 0.583051 0.0756677 0.178531
4 0.580119 0.716384 0.0830861 0.110734
6 0.651335 0.731073 0.0801187 0.171751
4 0.743323 0.615819 0.0860534 0.142373
4 0.796736 0.577901 0.0771513 0.134333
6 0.741098 0.422034 0.173591 0.127684
4 0.598665 0.423164 0.158754 0.102825
4 0.554896 0.469492 0.0890208 0.107345
4 0.844214 0.346328 0.0682493 0.0960452
4 0.861276 0.261582 0.0905045 0.0824859
6 0.906528 0.250847 0.0919881 0.0723164
4 0.599407 0.307345 0.0801187 0.0474576
6 0.724036 0.290395 0.0949555 0.119774
6 0.513353 0.364972 0.178042 0.0858757
3 0.347923 0.237853 0.0459941 0.0779661
6 0.63724 0.354237 0.0727003 0.0576271
4 0.718843 0.511299 0.111276 0.0666667
6 0.621662 0.533898 0.115727 0.100565
6 0.637988 0.590138 0.175086 0.102311
4 0.68546 0.614689 0.041543 0.0587571
4 0.651335 0.259887 0.074184 0.0610169
4 0.46365 0.339548 0.0756677 0.0576271
6 0.714392 0.202825 0.078635 0.0937853
