3 0.318927 0.153199 0.0983607 0.0460157
3 0.340537 0.244669 0.135618 0.0650954
3 0.327869 0.197531 0.09538 0.0426487
3 0.336811 0.295174 0.140089 0.0606061
6 0.520119 0.380471 0.187779 0.0785634
6 0.340537 0.375982 0.177347 0.0673401
6 0.307004 0.430415 0.223547 0.0594837
6 0.511923 0.438833 0.186289 0.0493827
6 0.33532 0.494949 0.160954 0.0695847
6 0.372578 0.551066 0.208644 0.0493827
6 0.371088 0.61055 0.217586 0.0763187
6 0.529806 0.493266 0.219076 0.0639731
4 0.564829 0.541526 0.122206 0.0482604
4 0.561848 0.589226 0.125186 0.0516274
6 0.352459 0.673401 0.204173 0.0606061
6 0.349478 0.724467 0.23696 0.0594837
6 0.35693 0.778339 0.207154 0.0549944
6 0.384501 0.836139 0.214605 0.0628507
6 0.205663 0.877666 0.146051 0.163861
6 0.359911 0.898429 0.150522 0.0729517
4 0.563338 0.825477 0.125186 0.0617284
4 0.574516 0.765432 0.132638 0.0583614
4 0.552906 0.70202 0.104322 0.0729517
4 0.555142 0.643098 0.099851 0.0561167
0 0.697466 0.838945 0.154993 0.142536
6 0.660209 0.819865 0.0774963 0.0796857
6 0.71535 0.401235 0.208644 0.182941
6 0.691505 0.670595 0.0655738 0.0729517
6 0.742176 0.710438 0.184799 0.0808081
6 0.730253 0.579125 0.0983607 0.109989
6 0.484352 0.657127 0.0655738 0.0594837
