4 0.798246 0.295802 0.19883 0.103053
4 0.676901 0.312977 0.0847953 0.21374
4 0.552632 0.217557 0.116959 0.167939
4 0.429825 0.14313 0.0818713 0.156489
4 0.25731 0.320611 0.116959 0.175573
4 0.138889 0.431298 0.0964912 0.175573
4 0.49269 0.923664 0.230994 0.145038
4 0.366959 0.669847 0.21345 0.118321
6 0.171053 0.669847 0.190058 0.339695
4 0.29386 0.475191 0.195906 0.125954
4 0.495614 0.484733 0.201754 0.122137
4 0.535088 0.366412 0.163743 0.137405
4 0.614035 0.416031 0.111111 0.10687
4 0.505848 0.290076 0.128655 0.114504
4 0.388889 0.272901 0.134503 0.171756
4 0.334795 0.303435 0.114035 0.133588
4 0.394737 0.391221 0.111111 0.141221
4 0.252924 0.181298 0.125731 0.118321
4 0.539474 0.589695 0.102339 0.110687
2 0.77193 0.685115 0.438596 0.583969
4 0.163743 0.30916 0.0760234 0.206107
