4 0.834227 0.741582 0.136729 0.304714
6 0.686774 0.545455 0.120643 0.191919
4 0.0594281 0.349327 0.0831099 0.0555556
0 0.571046 0.79798 0.223414 0.340067
6 0.378016 0.605219 0.421805 0.227273
0 0.579982 0.263468 0.0661305 0.0757576
6 0.436997 0.300505 0.121537 0.122896
0 0.66622 0.340067 0.147453 0.0909091
6 0.3521 0.406566 0.221626 0.136364
5 0.252011 0.694444 0.109026 0.0858586
5 0.788827 0.426972 0.0888248 0.0559646
5 0.617962 0.683502 0.0902592 0.0740741
5 0.137176 0.590909 0.111707 0.0774411
5 0.0241287 0.670034 0.0464701 0.040404
5 0.0406613 0.563131 0.049151 0.0252525
0 0.664433 0.259259 0.0527256 0.040404
6 0.543789 0.335859 0.049151 0.0420875
5 0.263181 0.372896 0.0420018 0.0353535
5 0.198838 0.306397 0.0294906 0.020202
5 0.269437 0.479798 0.0563003 0.0606061
5 0.440572 0.479798 0.0857909 0.043771
5 0.355675 0.475589 0.0822163 0.0454545
0 0.238159 0.457071 0.054513 0.0420875
5 0.292672 0.458754 0.0277033 0.0555556
0 0.487936 0.383838 0.0643432 0.0740741
6 0.262172 0.319425 0.0292592 0.0428906
0 0.776586 0.570707 0.0661305 0.0538721
0 0.31412 0.319024 0.077748 0.0454545
6 0.260947 0.294613 0.051832 0.03367
4 0.646113 0.287879 0.0142985 0.023569
5 0.339589 0.362795 0.0393208 0.0319865
5 0.280608 0.353535 0.0250223 0.016835
5 0.324397 0.289562 0.0160858 0.016835
5 0.319929 0.272727 0.0160858 0.00673401
5 0.356619 0.307307 0.0394227 0.0287559
5 0.514745 0.302189 0.0357462 0.0319865
