3 0.428571 0.623249 0.0420168 0.182073
5 0.334034 0.711485 0.0672269 0.0504202
5 0.610294 0.777311 0.0861345 0.0308123
5 0.913866 0.754902 0.0630252 0.0140056
0 0.853992 0.746499 0.0441176 0.0196078
0 0.802521 0.760504 0.0420168 0.0308123
0 0.696429 0.729692 0.0609244 0.0420168
0 0.644958 0.733894 0.0294118 0.0336134
0 0.542017 0.70028 0.0336134 0.0336134
5 0.209034 0.70028 0.0357143 0.0168067
5 0.486985 0.696934 0.0538025 0.0325238
5 0.486146 0.704268 0.0479223 0.0191793
5 0.5 0.721289 0.0252101 0.0252101
6 0.45063 0.721289 0.0651261 0.0196078
