6 0.896192 0.870994 0.0951949 0.171474
6 0.599728 0.862981 0.080689 0.145833
6 0.771532 0.401442 0.0779692 0.126603
6 0.0757026 0.280449 0.0516772 0.0961538
6 0.099728 0.228365 0.0562103 0.088141
6 0.290118 0.125801 0.0543971 0.0753205
6 0.173617 0.0649038 0.0534905 0.0304487
6 0.292838 0.0697115 0.0580236 0.0336538
6 0.233001 0.107372 0.0271985 0.0416667
6 0.86854 0.126603 0.0507706 0.0769231
6 0.617407 0.478365 0.0670898 0.0945513
0 0.663645 0.737179 0.0979148 0.115385
0 0.910245 0.0801282 0.0326383 0.0448718
6 0.260027 0.498425 0.0395458 0.0449263
6 0.327256 0.438607 0.0670227 0.0214455
6 0.579582 0.323776 0.0675956 0.0481939
6 0.661191 0.359252 0.0603699 0.0935048
6 0.71385 0.313075 0.0913436 0.100508
6 0.643628 0.261351 0.0687616 0.0835994
6 0.655543 0.300122 0.0780852 0.0842179
0 0.587086 0.532164 0.0626582 0.077149
0 0.502874 0.365307 0.0374796 0.0479215
0 0.0462702 0.04973 0.0526491 0.0609984
0 0.0905961 0.0513726 0.0578921 0.048258
