4 0.41844 0.432268 0.0364742 0.103501
4 0.466565 0.437595 0.0536981 0.0898021
4 0.668693 0.37519 0.0668693 0.0593607
6 0.205167 0.857686 0.0800405 0.2207
6 0.312563 0.866819 0.0921986 0.238965
6 0.259372 0.805936 0.0668693 0.199391
4 0.587639 0.646119 0.0851064 0.0898021
4 0.758865 0.547945 0.111449 0.0852359
4 0.536981 0.571537 0.0567376 0.141553
3 0.759372 0.445967 0.0759878 0.149163
3 0.809524 0.490868 0.0547112 0.147641
3 0.844985 0.452055 0.08308 0.161339
3 0.579534 0.296043 0.0344478 0.0410959
4 0.593212 0.559361 0.0678825 0.108067
4 0.429078 0.542618 0.0921986 0.0684932
4 0.504559 0.51446 0.0607903 0.106545
0 0.483283 0.578387 0.0729483 0.0578387
4 0.530902 0.445205 0.0729483 0.0410959
4 0.609422 0.410198 0.0739615 0.0380518
4 0.609929 0.452816 0.0749747 0.04414
4 0.580041 0.484018 0.0861196 0.0547945
4 0.56231 0.394977 0.0506586 0.0563166
4 0.674265 0.554795 0.0516717 0.086758
4 0.632725 0.566971 0.0496454 0.065449
6 0.678825 0.678082 0.0303951 0.117199
6 0.816109 0.739726 0.0334347 0.0700152
6 0.721884 0.718417 0.0395137 0.0395738
