6 0.466412 0.280251 0.0778626 0.0787671
4 0.225954 0.365868 0.0885496 0.0490868
4 0.192366 0.486872 0.070229 0.0696347
4 0.167939 0.650114 0.0946565 0.0810502
4 0.498473 0.594178 0.0992366 0.0582192
4 0.628244 0.533676 0.108397 0.0650685
4 0.751145 0.460616 0.0793893 0.0627854
4 0.625191 0.452626 0.11145 0.0605023
4 0.693893 0.434361 0.0534351 0.0582192
4 0.629008 0.405251 0.0763359 0.043379
6 0.377863 0.432078 0.0656489 0.108447
4 0.436641 0.430365 0.0549618 0.0319635
4 0.454962 0.458904 0.0824427 0.0502283
6 0.451882 0.396969 0.103765 0.0359463
6 0.544312 0.440461 0.0535099 0.0727032
6 0.655339 0.362207 0.0893038 0.0645959
