2 0.685417 0.875391 0.201042 0.191406
0 0.864323 0.64375 0.182812 0.196875
0 0.952344 0.435937 0.0942708 0.223438
0 0.344792 0.348828 0.198958 0.257031
2 0.498698 0.259375 0.150521 0.145313
6 0.529427 0.576953 0.179688 0.282031
6 0.0916667 0.757422 0.183333 0.253906
6 0.0632812 0.586328 0.0609375 0.0882813
2 0.111719 0.203516 0.171354 0.244531
0 0.11901 0.0839844 0.118229 0.110156
2 0.491927 0.355469 0.102604 0.182812
6 0.783333 0.323437 0.111458 0.14375
6 0.834635 0.858203 0.181771 0.282031
6 0.961458 0.931641 0.0760417 0.135156
6 0.469531 0.864844 0.203646 0.201563
2 0.322656 0.761328 0.248438 0.350781
1 0.68724 0.285547 0.129688 0.167969
3 0.461198 0.0867187 0.0838542 0.078125
