0 0.626 0.392216 0.152 0.125749
0 0.744 0.482036 0.1 0.197605
0 0.513 0.588323 0.106 0.0988024
0 0.381 0.654192 0.126 0.0928144
0 0.324 0.766467 0.04 0.161677
0 0.535 0.666168 0.098 0.0748503
0 0.625 0.676647 0.074 0.0958084
0 0.633 0.585329 0.054 0.0868263
0 0.597 0.543413 0.066 0.0568862
0 0.604 0.464072 0.112 0.107784
6 0.506 0.429641 0.096 0.122754
0 0.131 0.561377 0.098 0.122754
0 0.201 0.52994 0.074 0.0718563
0 0.34 0.582335 0.116 0.0808383
0 0.771 0.634731 0.066 0.113772
0 0.717 0.519461 0.058 0.0928144
0 0.691 0.592814 0.038 0.0598802
0 0.232 0.595808 0.08 0.0658683
0 0.478 0.504491 0.1 0.0868263
0 0.536 0.522455 0.052 0.0568862
6 0.535 0.817365 0.074 0.0359281
4 0.631 0.793413 0.046 0.0658683
