0 0.71875 0.657813 0.265833 0.205625
0 0.667917 0.781875 0.0641667 0.0325
0 0.523333 0.716875 0.205 0.16625
0 0.5275 0.593437 0.0933333 0.069375
0 0.646667 0.533125 0.08 0.05875
0 0.587917 0.571875 0.0775 0.0475
6 0.490833 0.471875 0.0566667 0.11625
4 0.69875 0.235 0.0508333 0.08875
4 0.65125 0.164062 0.0591667 0.084375
0 0.485417 0.238437 0.0691667 0.073125
6 0.585417 0.222188 0.1725 0.164375
4 0.85125 0.208437 0.104167 0.074375
4 0.7225 0.194375 0.0716667 0.06125
5 0.740833 0.162812 0.0583333 0.039375
4 0.74875 0.258125 0.0541667 0.07
6 0.777917 0.244688 0.0675 0.144375
6 0.85625 0.28375 0.0908333 0.1175
0 0.873333 0.36375 0.0666667 0.0475
6 0.7175 0.3575 0.138333 0.155
6 0.656667 0.310937 0.03 0.033125
6 0.52 0.293125 0.116667 0.09125
0 0.807083 0.484375 0.0758333 0.06125
6 0.698333 0.542188 0.118333 0.064375
0 0.670833 0.488438 0.0966667 0.080625
6 0.762083 0.41125 0.1675 0.175
6 0.86625 0.543125 0.0675 0.16625
6 0.806667 0.531563 0.125 0.065625
6 0.8975 0.280313 0.0683333 0.061875
4 0.78375 0.174063 0.0308333 0.011875
6 0.613333 0.374063 0.116667 0.141875
6 0.586667 0.149688 0.07 0.038125
6 0.552083 0.394062 0.0858333 0.055625
6 0.56 0.47 0.0516667 0.07125
6 0.655833 0.694688 0.241667 0.201875
4 0.887083 0.191875 0.0558333 0.035
6 0.896667 0.390313 0.0916667 0.051875
6 0.891667 0.448437 0.075 0.068125
6 0.939583 0.275625 0.0408333 0.10125
