0 0.28125 0.657813 0.265833 0.205625
0 0.332083 0.781875 0.0641667 0.0325
0 0.476667 0.716875 0.205 0.16625
0 0.4725 0.593437 0.0933333 0.069375
0 0.353333 0.533125 0.08 0.05875
0 0.412083 0.571875 0.0775 0.0475
6 0.509167 0.471875 0.0566667 0.11625
4 0.30125 0.235 0.0508333 0.08875
4 0.34875 0.164062 0.0591667 0.084375
0 0.514583 0.238437 0.0691667 0.073125
6 0.414583 0.222188 0.1725 0.164375
4 0.14875 0.208437 0.104167 0.074375
4 0.2775 0.194375 0.0716667 0.06125
5 0.259167 0.162812 0.0583333 0.039375
4 0.25125 0.258125 0.0541667 0.07
6 0.222083 0.244688 0.0675 0.144375
6 0.14375 0.28375 0.0908333 0.1175
0 0.126667 0.36375 0.0666667 0.0475
6 0.2825 0.3575 0.138333 0.155
6 0.343333 0.310937 0.03 0.033125
6 0.48 0.293125 0.116667 0.09125
0 0.192917 0.484375 0.0758333 0.06125
6 0.301667 0.542188 0.118333 0.064375
0 0.329167 0.488438 0.0966667 0.080625
6 0.237917 0.41125 0.1675 0.175
6 0.13375 0.543125 0.0675 0.16625
6 0.193333 0.531563 0.125 0.065625
6 0.1025 0.280313 0.0683333 0.061875
4 0.21625 0.174063 0.0308333 0.011875
6 0.386667 0.374063 0.116667 0.141875
6 0.413333 0.149688 0.07 0.038125
6 0.447917 0.394062 0.0858333 0.055625
6 0.44 0.47 0.0516667 0.07125
6 0.344167 0.694688 0.241667 0.201875
4 0.112917 0.191875 0.0558333 0.035
6 0.103333 0.390313 0.0916667 0.051875
6 0.108333 0.448437 0.075 0.068125
6 0.0604167 0.275625 0.0408333 0.10125
